37
1
3
1 10 22 14 0 -1
1 10 11 7 0 2
12 17 11 7 0 2
haar_x2_y2
-9.450679e-002 0 -1
2.542914e-001 -2.980405e-001 
1
2
2 10 4 6 0 -1
2 13 4 3 0 2
haar_y2
-3.807114e-003 0 -1
2.124137e-001 -2.487016e-001 
1
2
1 22 23 2 0 -1
1 23 23 1 0 2
haar_y2
-4.809852e-003 0 -1
-4.637851e-001 1.011792e-001 
1
2
7 16 5 2 0 -1
7 16 5 1 0 2
tilted_haar_y2
4.477072e-003 0 -1
-8.760119e-002 5.764591e-001 
1
2
5 20 18 4 0 -1
5 21 18 2 0 2
haar_y4
-2.389921e-003 0 -1
-3.666075e-001 1.592889e-001 
1
2
3 22 10 2 0 -1
8 22 5 2 0 2
haar_x2
-2.235206e-003 0 -1
2.502705e-001 -2.100064e-001 
1
2
10 8 5 9 0 -1
7 11 5 3 0 3
tilted_haar_y3
-1.366310e-001 0 -1
5.531008e-001 -6.852656e-002 
1
2
1 14 15 4 0 -1
1 15 15 2 0 2
haar_y4
4.313315e-004 0 -1
-2.148006e-001 2.115787e-001 
1
2
6 1 2 2 0 -1
6 1 2 1 0 2
tilted_haar_y2
-4.721099e-003 0 -1
-7.271920e-001 7.168283e-002 
1
2
20 15 2 2 0 -1
20 15 1 2 0 2
tilted_haar_x2
-1.221827e-003 0 -1
2.984007e-001 -1.857359e-001 
1
2
7 2 15 6 0 -1
7 4 15 2 0 3
haar_y3
3.321796e-002 0 -1
-1.103004e-001 4.031915e-001 
1
2
22 4 1 8 0 -1
22 6 1 4 0 2
haar_y4
-5.667649e-003 0 -1
-5.335979e-001 7.280079e-002 
1
3
4 0 20 4 0 -1
4 0 10 2 0 2
14 2 10 2 0 2
haar_x2_y2
1.884819e-002 0 -1
-1.127106e-001 3.529011e-001 
1
3
10 0 12 4 0 -1
10 0 6 2 0 2
16 2 6 2 0 2
haar_x2_y2
-6.926354e-003 0 -1
3.592221e-001 -1.015705e-001 
1
2
10 13 4 7 0 -1
10 13 2 7 0 2
tilted_haar_x2
-4.575548e-002 0 -1
-6.672770e-001 5.690865e-002 
1
2
9 5 12 2 0 -1
13 5 4 2 0 3
haar_x3
-2.637181e-002 0 -1
-7.697570e-001 3.687519e-002 
1
2
17 0 2 4 0 -1
17 0 2 2 0 2
tilted_haar_y2
5.445220e-003 0 -1
-1.477845e-001 2.823812e-001 
1
2
0 7 3 14 0 -1
0 14 3 7 0 2
haar_y2
-5.771715e-002 0 -1
-7.261339e-001 5.015437e-002 
1
2
1 10 7 10 0 -1
1 15 7 5 0 2
haar_y2
-2.324237e-002 0 -1
2.302908e-001 -1.728419e-001 
1
2
17 12 6 6 0 -1
19 14 2 6 0 3
tilted_haar_x3
-1.888401e-003 0 -1
-1.876674e-001 2.091499e-001 
1
2
10 12 10 3 0 -1
10 13 10 1 0 3
haar_y3
5.274970e-003 0 -1
-1.290582e-001 3.367510e-001 
1
2
0 12 4 2 0 -1
2 12 2 2 0 2
haar_x2
-7.216526e-004 0 -1
1.675521e-001 -2.408582e-001 
1
2
21 0 2 2 0 -1
21 0 1 2 0 2
tilted_haar_x2
1.672122e-003 0 -1
9.850650e-002 -3.726448e-001 
1
2
10 10 13 4 0 -1
10 11 13 2 0 2
haar_y4
2.035987e-002 0 -1
-7.762834e-002 5.258117e-001 
1
2
5 18 2 4 0 -1
5 18 1 4 0 2
tilted_haar_x2
1.803467e-003 0 -1
9.489895e-002 -3.863930e-001 
1
2
2 18 4 6 0 -1
2 21 4 3 0 2
haar_y2
-3.410901e-003 0 -1
3.479955e-001 -1.265307e-001 
1
2
9 13 10 4 0 -1
9 14 10 2 0 2
haar_y4
3.723175e-003 0 -1
-1.704908e-001 2.334700e-001 
1
3
3 15 4 2 0 -1
3 15 2 1 0 2
5 16 2 1 0 2
haar_x2_y2
-1.850392e-003 0 -1
-5.580901e-001 7.005820e-002 
1
2
9 2 8 2 0 -1
11 2 4 2 0 2
haar_x4
-3.840779e-003 0 -1
-4.353448e-001 8.359241e-002 
1
2
11 17 2 4 0 -1
11 17 1 4 0 2
tilted_haar_x2
5.128027e-004 0 -1
1.074167e-001 -3.252066e-001 
1
2
6 13 10 9 0 -1
6 16 10 3 0 3
haar_y3
4.181696e-002 0 -1
-1.158357e-001 3.502060e-001 
1
2
10 0 14 10 0 -1
10 0 14 5 0 2
tilted_haar_y2
1.464285e-001 0 -1
-1.673931e-001 2.094466e-001 
1
2
4 13 7 4 0 -1
4 13 7 2 0 2
tilted_haar_y2
2.958174e-002 0 -1
-4.860328e-002 8.059307e-001 
1
2
0 15 15 4 0 -1
0 17 15 2 0 2
haar_y2
7.729289e-002 0 -1
-3.397518e-002 7.388172e-001 
1
2
3 12 9 12 0 -1
6 16 3 4 0 9
haar_point
-1.181061e-001 0 -1
2.697500e-001 -1.509393e-001 
1
2
19 7 5 12 0 -1
15 11 5 4 0 3
tilted_haar_y3
-1.522247e-001 0 -1
4.591352e-001 -7.252282e-002 
1
2
5 12 9 2 0 -1
5 12 9 1 0 2
tilted_haar_y2
9.992879e-003 0 -1
-7.691050e-002 4.208735e-001 
-9.831229e-001

18
-1
