13
1
2
13 9 3 12 0 -1
10 12 3 6 0 2
tilted_haar_y4
-5.770057e-002 0 -1
6.230819e-001 -3.262822e-001 
1
2
5 6 18 9 0 -1
14 6 9 9 0 2
haar_x2
4.169399e-002 0 -1
-5.209469e-001 3.030123e-001 
1
2
11 23 3 1 0 -1
12 23 1 1 0 3
haar_x3
-5.730505e-004 0 -1
-7.800347e-001 1.819927e-001 
1
2
11 23 3 1 0 -1
12 23 1 1 0 3
haar_x3
4.707482e-004 0 -1
1.830197e-001 -8.133250e-001 
1
2
3 12 13 12 0 -1
3 15 13 6 0 2
haar_y4
-1.060893e-001 0 -1
7.348714e-001 -2.084989e-001 
1
2
2 14 21 8 0 -1
2 16 21 4 0 2
haar_y4
3.061588e-002 0 -1
-3.159079e-001 6.260021e-001 
1
2
6 11 12 9 0 -1
6 14 12 3 0 3
haar_y3
4.596290e-002 0 -1
-1.755030e-001 5.816986e-001 
1
2
7 10 13 12 0 -1
7 14 13 4 0 3
haar_y3
-1.506136e-001 0 -1
8.078905e-001 -1.378144e-001 
1
3
16 22 2 2 0 -1
16 22 1 1 0 2
17 23 1 1 0 2
haar_x2_y2
-3.218817e-004 0 -1
-6.150163e-001 2.037400e-001 
1
2
5 5 17 9 0 -1
5 8 17 3 0 3
haar_y3
-1.021654e-001 0 -1
8.031402e-001 -1.409221e-001 
1
2
20 22 3 2 0 -1
21 22 1 2 0 3
haar_x3
-9.467702e-004 0 -1
-7.006379e-001 1.756999e-001 
1
2
4 10 19 6 0 -1
4 12 19 2 0 3
haar_y3
-4.905942e-002 0 -1
6.931724e-001 -1.752737e-001 
1
2
6 23 3 1 0 -1
7 23 1 1 0 3
haar_x3
5.171241e-004 0 -1
1.753160e-001 -7.111462e-001 
-1.213279e+000

1
-1
