37
1
2
10 9 6 9 0 -1
7 12 6 3 0 3
tilted_haar_y3
-1.031317e-001 0 -1
4.286073e-001 -2.034209e-001 
1
2
0 2 24 9 0 -1
8 5 8 3 0 9
haar_point
-2.952864e-001 0 -1
5.071386e-001 -1.327113e-001 
1
2
9 5 7 8 0 -1
9 7 7 4 0 2
haar_y4
-3.524374e-002 0 -1
4.281443e-001 -1.433741e-001 
1
2
5 22 12 1 0 -1
8 22 6 1 0 2
haar_x4
-7.853794e-003 0 -1
-7.692636e-001 6.802813e-002 
1
2
2 22 10 2 0 -1
7 22 5 2 0 2
haar_x2
-3.711311e-003 0 -1
2.571339e-001 -1.839203e-001 
1
2
11 14 2 8 0 -1
9 16 2 4 0 2
tilted_haar_y4
1.473999e-002 0 -1
-1.130541e-001 4.621979e-001 
1
2
8 12 12 6 0 -1
8 14 12 2 0 3
haar_y3
2.936732e-002 0 -1
-1.482499e-001 4.232291e-001 
1
2
8 0 16 6 0 -1
8 0 16 3 0 2
tilted_haar_y2
4.282323e-002 0 -1
-2.654212e-001 1.783646e-001 
1
2
8 1 4 2 0 -1
10 1 2 2 0 2
haar_x2
-4.281072e-003 0 -1
-7.346008e-001 6.728743e-002 
1
3
17 22 2 2 0 -1
17 22 1 1 0 2
18 23 1 1 0 2
haar_x2_y2
2.396291e-004 0 -1
8.325529e-002 -4.598060e-001 
1
2
4 7 12 4 0 -1
4 7 12 2 0 2
tilted_haar_y2
4.941954e-002 0 -1
-1.031938e-001 4.552094e-001 
1
2
3 10 17 8 0 -1
3 12 17 4 0 2
haar_y4
-1.028575e-001 0 -1
5.717776e-001 -8.222003e-002 
1
2
19 16 2 2 0 -1
20 16 1 2 0 2
haar_x2
3.460146e-004 0 -1
-1.396060e-001 2.782729e-001 
1
2
2 19 3 2 0 -1
3 20 1 2 0 3
tilted_haar_x3
-2.319516e-003 0 -1
-4.513690e-001 8.494385e-002 
1
2
0 9 24 1 0 -1
6 9 12 1 0 2
haar_x4
-7.976141e-003 0 -1
2.186717e-001 -1.745529e-001 
1
2
2 8 12 10 0 -1
8 8 6 10 0 2
haar_x2
5.620342e-002 0 -1
-1.676090e-001 2.858062e-001 
1
2
8 14 3 7 0 -1
9 15 1 7 0 3
tilted_haar_x3
1.054248e-002 0 -1
4.340815e-002 -8.676691e-001 
1
2
4 0 3 2 0 -1
5 0 1 2 0 3
haar_x3
4.111889e-004 0 -1
1.139090e-001 -3.403807e-001 
1
2
2 10 21 3 0 -1
9 11 7 1 0 9
haar_point
-5.420112e-002 0 -1
3.237210e-001 -1.216747e-001 
1
2
9 3 15 15 0 -1
14 8 5 5 0 9
haar_point
3.753175e-001 0 -1
-7.663888e-002 4.863273e-001 
1
2
7 5 15 3 0 -1
7 6 15 1 0 3
haar_y3
1.019995e-002 0 -1
-7.785062e-002 5.212906e-001 
1
2
7 4 6 4 0 -1
7 5 6 2 0 2
haar_y4
-3.481587e-003 0 -1
3.168609e-001 -1.332505e-001 
1
2
13 20 2 2 0 -1
13 20 2 1 0 2
tilted_haar_y2
-1.260010e-003 0 -1
2.717625e-001 -1.640069e-001 
1
2
12 16 8 8 0 -1
12 18 8 4 0 2
haar_y4
1.802836e-002 0 -1
-1.321977e-001 3.723720e-001 
1
2
1 11 20 9 0 -1
1 14 20 3 0 3
haar_y3
6.681255e-002 0 -1
-1.315399e-001 3.374244e-001 
1
3
11 22 2 2 0 -1
11 22 1 1 0 2
12 23 1 1 0 2
haar_x2_y2
2.560311e-004 0 -1
9.908871e-002 -4.615009e-001 
1
2
0 9 15 15 0 -1
5 9 5 15 0 3
haar_x3
-4.032784e-002 0 -1
1.607024e-001 -2.609537e-001 
1
2
0 21 24 2 0 -1
6 21 12 2 0 2
haar_x4
1.229538e-002 0 -1
-1.150964e-001 3.944326e-001 
1
2
3 6 12 13 0 -1
7 6 4 13 0 3
haar_x3
2.042549e-002 0 -1
-1.117571e-001 3.726292e-001 
1
2
3 18 10 2 0 -1
8 18 5 2 0 2
haar_x2
-3.001554e-003 0 -1
2.702417e-001 -1.731980e-001 
1
2
4 17 18 1 0 -1
13 17 9 1 0 2
haar_x2
3.855059e-002 0 -1
-6.977639e-002 7.011353e-001 
1
2
5 14 13 9 0 -1
5 17 13 3 0 3
haar_y3
3.604776e-002 0 -1
-1.513889e-001 3.321595e-001 
1
2
0 13 7 4 0 -1
0 15 7 2 0 2
haar_y2
-2.319143e-003 0 -1
2.174649e-001 -2.141280e-001 
1
2
2 0 7 12 0 -1
2 6 7 6 0 2
haar_y2
-5.033629e-002 0 -1
2.666006e-001 -1.797844e-001 
1
2
23 0 1 2 0 -1
23 0 1 1 0 2
tilted_haar_y2
-5.652059e-004 0 -1
2.837065e-001 -1.479077e-001 
1
2
9 17 3 4 0 -1
10 18 1 4 0 3
tilted_haar_x3
6.784903e-003 0 -1
6.173838e-002 -7.709820e-001 
1
2
7 2 6 4 0 -1
7 4 6 2 0 2
haar_y2
9.770039e-003 0 -1
-1.209109e-001 3.970025e-001 
-9.784728e-001

9
-1
