33
1
2
14 18 1 6 0 -1
14 21 1 3 0 2
haar_y2
8.540716e-004 0 -1
-3.316713e-001 3.357621e-001 
1
2
6 3 10 8 0 -1
6 5 10 4 0 2
haar_y4
-1.744966e-002 0 -1
3.896065e-001 -2.424343e-001 
1
2
1 7 12 16 0 -1
4 7 6 16 0 2
haar_x4
-4.235728e-002 0 -1
2.760208e-001 -2.342333e-001 
1
2
6 11 13 9 0 -1
6 14 13 3 0 3
haar_y3
-1.425756e-001 0 -1
6.611124e-001 -9.567560e-002 
1
2
6 8 14 12 0 -1
6 11 14 6 0 2
haar_y4
1.235166e-001 0 -1
-1.385517e-001 5.706284e-001 
1
2
11 6 9 12 0 -1
11 10 9 4 0 3
haar_y3
-5.478203e-002 0 -1
4.585853e-001 -1.688771e-001 
1
2
23 0 1 24 0 -1
23 12 1 12 0 2
haar_y2
-2.095502e-002 0 -1
-5.988697e-001 1.205081e-001 
1
2
6 1 13 6 0 -1
6 3 13 2 0 3
haar_y3
-1.598629e-002 0 -1
3.676330e-001 -1.600326e-001 
1
2
6 0 15 9 0 -1
6 3 15 3 0 3
haar_y3
4.833442e-002 0 -1
-1.646120e-001 4.083111e-001 
1
2
3 21 21 3 0 -1
10 21 7 3 0 3
haar_x3
-8.714534e-003 0 -1
2.769435e-001 -2.050031e-001 
1
2
0 8 22 16 0 -1
0 12 22 8 0 2
haar_y4
-1.460773e-001 0 -1
3.578775e-001 -1.853231e-001 
1
2
7 19 3 2 0 -1
8 20 1 2 0 3
tilted_haar_x3
2.802857e-003 0 -1
9.731041e-002 -5.876108e-001 
1
2
0 5 8 15 0 -1
2 5 4 15 0 2
haar_x4
-1.799630e-002 0 -1
2.895966e-001 -1.883944e-001 
1
2
9 18 12 3 0 -1
13 18 4 3 0 3
haar_x3
-2.497433e-002 0 -1
-7.307826e-001 8.256169e-002 
1
2
9 9 14 2 0 -1
16 9 7 2 0 2
haar_x2
7.570943e-003 0 -1
-3.070320e-001 1.823352e-001 
1
2
5 5 18 9 0 -1
11 8 6 3 0 9
haar_point
2.412988e-001 0 -1
-9.390997e-002 5.884729e-001 
1
2
4 13 4 4 0 -1
4 15 4 2 0 2
haar_y2
-4.341450e-003 0 -1
3.249512e-001 -1.603754e-001 
1
2
7 10 7 4 0 -1
7 10 7 2 0 2
tilted_haar_y2
-3.833114e-002 0 -1
5.195135e-001 -1.133439e-001 
1
2
9 18 14 4 0 -1
9 20 14 2 0 2
haar_y2
-3.692073e-002 0 -1
6.073532e-001 -8.682715e-002 
1
2
12 10 5 9 0 -1
9 13 5 3 0 3
tilted_haar_y3
-1.000926e-001 0 -1
4.255739e-001 -1.024776e-001 
1
2
18 13 3 2 0 -1
18 13 3 1 0 2
tilted_haar_y2
-3.634120e-003 0 -1
5.130988e-001 -9.798051e-002 
1
2
5 1 1 2 0 -1
5 1 1 1 0 2
tilted_haar_y2
-2.394603e-003 0 -1
-6.082384e-001 8.630609e-002 
1
2
8 5 13 4 0 -1
8 6 13 2 0 2
haar_y4
1.347985e-002 0 -1
-1.014445e-001 5.111464e-001 
1
2
1 10 2 4 0 -1
1 12 2 2 0 2
haar_y2
-1.319000e-003 0 -1
2.693312e-001 -1.834233e-001 
1
2
20 6 4 8 0 -1
21 7 2 8 0 2
tilted_haar_x4
7.060563e-003 0 -1
-1.438254e-001 3.445699e-001 
1
2
8 9 16 4 0 -1
8 10 16 2 0 2
haar_y4
-2.700810e-002 0 -1
7.776316e-001 -6.712901e-002 
1
2
1 4 9 14 0 -1
4 4 3 14 0 3
haar_x3
2.962914e-002 0 -1
-7.276139e-002 5.323045e-001 
1
2
0 4 6 20 0 -1
3 4 3 20 0 2
haar_x2
-7.558144e-003 0 -1
1.515584e-001 -3.312241e-001 
1
2
2 0 2 16 0 -1
2 8 2 8 0 2
haar_y2
-7.147229e-003 0 -1
1.902827e-001 -2.835129e-001 
1
2
8 1 8 8 0 -1
8 1 4 8 0 2
tilted_haar_x2
-2.704983e-002 0 -1
3.573675e-001 -1.426400e-001 
1
2
12 12 12 12 0 -1
18 12 6 12 0 2
haar_x2
2.836546e-003 0 -1
-3.669330e-001 1.636882e-001 
1
2
18 19 1 2 0 -1
18 19 1 1 0 2
tilted_haar_y2
-2.801304e-004 0 -1
3.088314e-001 -2.150305e-001 
1
2
2 14 14 6 0 -1
2 16 14 2 0 3
haar_y3
7.549947e-004 0 -1
-2.341373e-001 2.607052e-001 
-1.212911e+000

7
-1
