42
1
3
0 6 18 8 0 -1
0 6 9 4 0 2
9 10 9 4 0 2
haar_x2_y2
4.313809e-002 0 -1
-2.140690e-001 3.783288e-001 
1
2
9 15 2 6 0 -1
9 15 1 6 0 2
tilted_haar_x2
-1.692907e-005 0 -1
1.541658e-001 -3.437004e-001 
1
2
4 18 20 3 0 -1
9 18 10 3 0 2
haar_x4
-1.911098e-002 0 -1
2.809939e-001 -1.685020e-001 
1
2
0 5 12 16 0 -1
3 5 6 16 0 2
haar_x4
-4.419376e-002 0 -1
2.007697e-001 -2.029519e-001 
1
2
2 4 9 14 0 -1
5 4 3 14 0 3
haar_x3
2.360652e-002 0 -1
-1.434530e-001 4.779598e-001 
1
2
10 19 12 1 0 -1
13 19 6 1 0 2
haar_x4
-4.887188e-003 0 -1
-4.389143e-001 1.142909e-001 
1
3
4 1 20 4 0 -1
4 1 10 2 0 2
14 3 10 2 0 2
haar_x2_y2
1.359584e-002 0 -1
-1.553392e-001 2.646618e-001 
1
2
14 7 6 4 0 -1
16 9 2 4 0 3
tilted_haar_x3
-1.483760e-002 0 -1
3.429522e-001 -1.035736e-001 
1
2
12 21 10 3 0 -1
12 22 10 1 0 3
haar_y3
-1.362209e-003 0 -1
-2.999366e-001 1.256895e-001 
1
2
8 12 7 4 0 -1
8 12 7 2 0 2
tilted_haar_y2
5.362908e-002 0 -1
-6.978928e-002 5.810837e-001 
1
2
19 10 4 4 0 -1
20 11 2 4 0 2
tilted_haar_x4
-5.911670e-003 0 -1
4.001093e-001 -9.201812e-002 
1
2
21 13 3 4 0 -1
22 14 1 4 0 3
tilted_haar_x3
-7.123401e-003 0 -1
5.191359e-001 -7.804567e-002 
1
2
13 0 8 23 0 -1
15 0 4 23 0 2
haar_x4
-5.390759e-002 0 -1
-8.785669e-001 4.757935e-002 
1
2
2 7 1 2 0 -1
2 8 1 1 0 2
haar_y2
-2.591379e-004 0 -1
2.577968e-001 -1.389891e-001 
1
2
5 4 4 10 0 -1
6 4 2 10 0 2
haar_x4
-4.687369e-003 0 -1
3.454386e-001 -9.773640e-002 
1
2
4 11 3 4 0 -1
5 12 1 4 0 3
tilted_haar_x3
7.479532e-003 0 -1
5.271578e-002 -6.571848e-001 
1
2
12 3 6 4 0 -1
12 4 6 2 0 2
haar_y4
-9.491465e-003 0 -1
4.916067e-001 -7.194474e-002 
1
2
0 12 7 4 0 -1
0 14 7 2 0 2
haar_y2
-3.284176e-003 0 -1
1.943666e-001 -1.807350e-001 
1
2
1 10 5 12 0 -1
1 14 5 4 0 3
haar_y3
1.789106e-002 0 -1
-1.124606e-001 3.548560e-001 
1
2
19 1 4 1 0 -1
20 1 2 1 0 2
haar_x4
-1.149221e-003 0 -1
-6.632390e-001 6.166478e-002 
1
2
9 11 14 6 0 -1
16 11 7 6 0 2
haar_x2
3.662311e-002 0 -1
-2.228442e-001 1.548332e-001 
1
2
16 9 3 10 0 -1
16 9 3 5 0 2
tilted_haar_y2
1.237272e-001 0 -1
-5.274485e-002 6.963627e-001 
1
2
2 12 8 6 0 -1
6 12 4 6 0 2
haar_x2
5.038216e-002 0 -1
-4.707469e-002 6.722180e-001 
1
2
4 18 19 3 0 -1
4 19 19 1 0 3
haar_y3
-1.222542e-003 0 -1
-2.112720e-001 1.826103e-001 
1
2
8 18 13 3 0 -1
8 19 13 1 0 3
haar_y3
-1.443037e-002 0 -1
5.097136e-001 -7.299346e-002 
1
2
0 9 3 3 0 -1
1 10 1 1 0 9
haar_point
5.743145e-003 0 -1
6.382136e-002 -5.556554e-001 
1
2
3 17 3 3 0 -1
4 18 1 3 0 3
tilted_haar_x3
-2.403981e-003 0 -1
-3.522268e-001 8.756756e-002 
1
2
6 7 4 5 0 -1
7 7 2 5 0 2
haar_x4
1.583624e-003 0 -1
-1.008342e-001 3.293895e-001 
1
2
6 22 18 1 0 -1
12 22 6 1 0 3
haar_x3
-3.658771e-003 0 -1
2.258105e-001 -1.623381e-001 
1
2
11 23 12 1 0 -1
14 23 6 1 0 2
haar_x4
-6.004428e-003 0 -1
-7.145372e-001 6.312808e-002 
1
2
7 6 3 12 0 -1
8 6 1 12 0 3
haar_x3
-1.406649e-003 0 -1
2.251346e-001 -1.582285e-001 
1
2
1 16 3 1 0 -1
2 17 1 1 0 3
tilted_haar_x3
-1.872232e-003 0 -1
-4.265532e-001 8.490076e-002 
1
2
0 15 18 6 0 -1
0 17 18 2 0 3
haar_y3
-9.573995e-002 0 -1
6.154523e-001 -7.060848e-002 
1
3
16 14 8 6 0 -1
16 14 4 3 0 2
20 17 4 3 0 2
haar_x2_y2
-7.249166e-003 0 -1
3.031872e-001 -1.225505e-001 
1
2
8 6 10 3 0 -1
8 7 10 1 0 3
haar_y3
5.955999e-003 0 -1
-7.328884e-002 4.457332e-001 
1
2
15 6 3 1 0 -1
16 7 1 1 0 3
tilted_haar_x3
-9.355438e-004 0 -1
2.926939e-001 -1.293674e-001 
1
3
14 20 10 2 0 -1
14 20 5 1 0 2
19 21 5 1 0 2
haar_x2_y2
-7.980216e-004 0 -1
2.083126e-001 -1.572322e-001 
1
2
8 7 12 6 0 -1
8 9 12 2 0 3
haar_y3
2.845890e-002 0 -1
-1.156173e-001 3.333197e-001 
1
2
15 21 4 1 0 -1
17 21 2 1 0 2
haar_x2
-1.851019e-003 0 -1
-7.202622e-001 5.652950e-002 
1
2
17 10 2 2 0 -1
17 11 2 1 0 2
haar_y2
5.302719e-004 0 -1
-1.651395e-001 2.579150e-001 
1
2
14 8 3 4 0 -1
13 9 3 2 0 2
tilted_haar_y4
-2.036191e-003 0 -1
2.699854e-001 -1.457574e-001 
1
3
0 20 10 4 0 -1
0 20 5 2 0 2
5 22 5 2 0 2
haar_x2_y2
-4.846183e-003 0 -1
3.637647e-001 -1.020946e-001 
-1.100089e+000

15
-1
