19
1
2
9 10 6 8 0 -1
7 12 6 4 0 2
tilted_haar_y4
-5.253610e-002 0 -1
4.884061e-001 -2.639684e-001 
1
2
21 23 3 1 0 -1
22 23 1 1 0 3
haar_x3
-3.319610e-004 0 -1
-6.246681e-001 1.708285e-001 
1
2
21 23 3 1 0 -1
22 23 1 1 0 3
haar_x3
3.465171e-004 0 -1
1.375468e-001 -6.259463e-001 
1
2
0 6 18 12 0 -1
6 6 6 12 0 3
haar_x3
-1.578473e-001 0 -1
4.808122e-001 -2.012306e-001 
1
2
9 8 8 8 0 -1
9 8 8 4 0 2
tilted_haar_y2
1.085934e-001 0 -1
-1.674378e-001 5.918294e-001 
1
2
16 7 5 12 0 -1
12 11 5 4 0 3
tilted_haar_y3
-1.511523e-001 0 -1
6.118333e-001 -1.403430e-001 
1
2
7 1 12 10 0 -1
7 6 12 5 0 2
haar_y2
-8.476132e-002 0 -1
5.530522e-001 -1.822929e-001 
1
2
4 19 3 2 0 -1
5 20 1 2 0 3
tilted_haar_x3
3.413498e-003 0 -1
1.296952e-001 -8.099191e-001 
1
2
4 20 3 1 0 -1
5 21 1 1 0 3
tilted_haar_x3
-1.550300e-003 0 -1
-6.809095e-001 1.145162e-001 
1
2
3 19 3 1 0 -1
4 20 1 1 0 3
tilted_haar_x3
-1.464129e-003 0 -1
-5.678809e-001 1.181565e-001 
1
2
2 5 8 17 0 -1
4 5 4 17 0 2
haar_x4
-2.071881e-002 0 -1
3.091905e-001 -2.245893e-001 
1
2
9 11 4 4 0 -1
9 11 4 2 0 2
tilted_haar_y2
-2.946898e-002 0 -1
6.647592e-001 -1.044131e-001 
1
2
11 19 2 3 0 -1
12 19 1 3 0 2
haar_x2
-1.483490e-003 0 -1
-7.017590e-001 1.122573e-001 
1
2
1 9 8 8 0 -1
5 9 4 8 0 2
haar_x2
6.268665e-002 0 -1
-7.733605e-002 8.796422e-001 
1
2
0 17 3 5 0 -1
1 17 1 5 0 3
haar_x3
-1.875834e-003 0 -1
-5.824816e-001 1.172494e-001 
1
2
0 11 2 12 0 -1
1 11 1 12 0 2
haar_x2
3.345177e-004 0 -1
1.362894e-001 -4.377907e-001 
1
2
1 0 14 1 0 -1
8 0 7 1 0 2
haar_x2
1.336719e-002 0 -1
8.221380e-002 -6.459133e-001 
1
2
1 2 1 3 0 -1
1 3 1 1 0 3
haar_y3
-8.341635e-004 0 -1
-5.421542e-001 9.393058e-002 
1
2
1 4 3 6 0 -1
2 6 1 2 0 9
haar_point
-1.622753e-002 0 -1
-6.659416e-001 7.310090e-002 
-1.142459e+000

4
-1
