38
1
2
12 2 1 12 0 -1
12 5 1 6 0 2
haar_y4
-4.147273e-003 0 -1
2.650414e-001 -2.105950e-001 
1
2
10 4 8 5 0 -1
12 6 4 5 0 2
tilted_haar_x4
6.216181e-002 0 -1
-6.119185e-002 7.606973e-001 
1
2
7 8 16 4 0 -1
15 8 8 4 0 2
haar_x2
2.049751e-002 0 -1
-3.616268e-001 1.392547e-001 
1
2
2 15 19 6 0 -1
2 17 19 2 0 3
haar_y3
-1.109289e-001 0 -1
6.880819e-001 -5.266051e-002 
1
2
10 17 2 5 0 -1
10 17 1 5 0 2
tilted_haar_x2
-1.282966e-002 0 -1
-8.368617e-001 3.525082e-002 
1
2
10 13 4 7 0 -1
10 13 2 7 0 2
tilted_haar_x2
4.635113e-003 0 -1
9.484844e-002 -4.424472e-001 
1
2
20 23 4 1 0 -1
22 23 2 1 0 2
haar_x2
2.864230e-004 0 -1
-1.836221e-001 2.754177e-001 
1
2
4 6 12 12 0 -1
7 6 6 12 0 2
haar_x4
1.752176e-002 0 -1
-1.015190e-001 3.866314e-001 
1
2
13 18 4 2 0 -1
13 18 4 1 0 2
tilted_haar_y2
-1.132143e-003 0 -1
1.621787e-001 -2.347722e-001 
1
2
6 17 14 3 0 -1
6 18 14 1 0 3
haar_y3
-9.446529e-004 0 -1
-2.218867e-001 1.817955e-001 
1
2
23 8 1 16 0 -1
23 12 1 8 0 2
haar_y4
-5.858254e-003 0 -1
-3.316984e-001 1.165415e-001 
1
2
20 21 4 3 0 -1
20 22 4 1 0 3
haar_y3
-9.792442e-004 0 -1
-3.457024e-001 1.210908e-001 
1
2
20 20 4 1 0 -1
21 20 2 1 0 2
haar_x4
-2.374562e-004 0 -1
-3.421913e-001 1.069913e-001 
1
2
3 15 3 3 0 -1
4 16 1 3 0 3
tilted_haar_x3
3.013760e-003 0 -1
8.507645e-002 -4.424451e-001 
1
2
3 8 4 4 0 -1
4 8 2 4 0 2
haar_x4
8.678661e-004 0 -1
-1.243137e-001 3.293636e-001 
1
2
0 15 18 9 0 -1
6 18 6 3 0 9
haar_point
-2.425216e-001 0 -1
3.845329e-001 -9.628711e-002 
1
2
2 18 19 4 0 -1
2 19 19 2 0 2
haar_y4
-2.880807e-003 0 -1
-2.591582e-001 1.882063e-001 
1
2
16 13 3 9 0 -1
17 16 1 3 0 9
haar_point
7.983824e-003 0 -1
-1.467978e-001 2.983839e-001 
1
2
15 18 4 4 0 -1
15 20 4 2 0 2
haar_y2
4.303837e-003 0 -1
-1.521801e-001 2.661215e-001 
1
2
6 1 18 15 0 -1
12 6 6 5 0 9
haar_point
4.643607e-001 0 -1
-6.200517e-002 5.314091e-001 
1
2
0 23 24 1 0 -1
6 23 12 1 0 2
haar_x4
-6.279118e-003 0 -1
2.806173e-001 -1.209007e-001 
1
2
14 23 10 1 0 -1
19 23 5 1 0 2
haar_x2
-1.769556e-003 0 -1
2.663952e-001 -1.585202e-001 
1
2
21 2 2 6 0 -1
22 2 1 6 0 2
haar_x2
-1.450794e-003 0 -1
-3.208719e-001 1.174982e-001 
1
2
10 7 7 4 0 -1
10 8 7 2 0 2
haar_y4
-6.517660e-003 0 -1
3.338099e-001 -1.080379e-001 
1
2
21 15 3 6 0 -1
22 16 1 6 0 3
tilted_haar_x3
-1.008902e-003 0 -1
-2.140930e-001 1.671421e-001 
1
2
15 22 6 1 0 -1
17 22 2 1 0 3
haar_x3
8.671872e-004 0 -1
8.404269e-002 -4.551350e-001 
1
2
9 11 9 4 0 -1
9 11 9 2 0 2
tilted_haar_y2
3.084156e-002 0 -1
-1.323213e-001 2.978162e-001 
1
2
4 20 12 1 0 -1
8 20 4 1 0 3
haar_x3
-1.302682e-002 0 -1
-7.785981e-001 5.108531e-002 
1
2
13 9 6 6 0 -1
16 9 3 6 0 2
haar_x2
-2.510213e-003 0 -1
-3.576583e-001 9.425440e-002 
1
2
0 6 24 6 0 -1
8 8 8 2 0 9
haar_point
2.792780e-001 0 -1
-5.868178e-002 7.382295e-001 
1
2
0 3 10 17 0 -1
5 3 5 17 0 2
haar_x2
-8.189920e-002 0 -1
2.588198e-001 -1.250225e-001 
1
2
8 1 1 8 0 -1
8 1 1 4 0 2
tilted_haar_y2
-2.267637e-002 0 -1
-7.270746e-001 5.732907e-002 
1
2
6 6 4 14 0 -1
7 6 2 14 0 2
haar_x4
3.443918e-003 0 -1
-1.128519e-001 3.727602e-001 
1
2
2 5 1 8 0 -1
2 9 1 4 0 2
haar_y2
5.977035e-003 0 -1
7.324892e-002 -5.024266e-001 
1
2
12 14 8 3 0 -1
12 15 8 1 0 3
haar_y3
-5.996889e-003 0 -1
3.784916e-001 -1.033834e-001 
1
2
12 17 12 4 0 -1
16 17 4 4 0 3
haar_x3
-2.667947e-003 0 -1
2.129870e-001 -1.705012e-001 
1
2
5 18 2 2 0 -1
5 18 2 1 0 2
tilted_haar_y2
2.670573e-003 0 -1
-5.538113e-002 6.015486e-001 
1
2
2 10 5 10 0 -1
2 15 5 5 0 2
haar_y2
-8.398372e-003 0 -1
2.446166e-001 -1.589805e-001 
-9.967260e-001

16
-1
