47
1
2
0 21 18 1 0 -1
9 21 9 1 0 2
haar_x2
-4.793053e-003 0 -1
2.615226e-001 -2.282073e-001 
1
2
1 6 4 10 0 -1
1 11 4 5 0 2
haar_y2
-6.790382e-003 0 -1
1.996580e-001 -2.552797e-001 
1
2
12 3 8 7 0 -1
12 3 4 7 0 2
tilted_haar_x2
-9.656405e-003 0 -1
1.614609e-001 -2.891372e-001 
1
3
16 18 8 6 0 -1
16 18 4 3 0 2
20 21 4 3 0 2
haar_x2_y2
-5.039885e-003 0 -1
2.429530e-001 -1.698724e-001 
1
2
19 20 2 2 0 -1
19 20 2 1 0 2
tilted_haar_y2
-4.576405e-003 0 -1
-6.177407e-001 1.744143e-002 
1
2
0 22 24 2 0 -1
12 22 12 2 0 2
haar_x2
-6.063424e-002 0 -1
-6.173279e-001 5.957451e-002 
1
2
6 6 18 2 0 -1
12 6 6 2 0 3
haar_x3
-1.680872e-002 0 -1
3.411841e-001 -1.022990e-001 
1
2
20 2 4 1 0 -1
20 2 2 1 0 2
tilted_haar_x2
-9.033339e-003 0 -1
-6.757175e-001 4.501109e-002 
1
2
17 7 2 5 0 -1
17 7 1 5 0 2
tilted_haar_x2
1.104703e-002 0 -1
-5.010336e-002 8.001550e-001 
1
2
13 10 2 6 0 -1
13 10 2 3 0 2
tilted_haar_y2
5.305281e-002 0 -1
-9.486515e-003 6.996915e-001 
1
2
5 17 3 4 0 -1
6 18 1 4 0 3
tilted_haar_x3
4.558462e-003 0 -1
4.951311e-002 -6.137622e-001 
1
2
12 1 2 6 0 -1
13 1 1 6 0 2
haar_x2
-1.348386e-003 0 -1
-3.795052e-001 8.030811e-002 
1
2
11 5 9 4 0 -1
14 8 3 4 0 3
tilted_haar_x3
-1.766827e-002 0 -1
2.206764e-001 -1.512276e-001 
1
2
8 1 8 2 0 -1
12 1 4 2 0 2
haar_x2
1.258717e-002 0 -1
6.504995e-002 -5.685871e-001 
1
2
1 8 2 1 0 -1
2 8 1 1 0 2
haar_x2
-2.809249e-005 0 -1
1.305817e-001 -2.195901e-001 
1
2
7 0 5 4 0 -1
7 2 5 2 0 2
haar_y2
3.794201e-003 0 -1
-1.242610e-001 2.774109e-001 
1
2
1 0 14 4 0 -1
1 2 14 2 0 2
haar_y2
-2.222671e-002 0 -1
4.058404e-001 -1.136218e-001 
1
2
3 15 4 2 0 -1
3 16 4 1 0 2
haar_y2
-4.085249e-004 0 -1
2.118645e-001 -1.589554e-001 
1
2
3 9 15 12 0 -1
8 13 5 4 0 9
haar_point
-3.043039e-001 0 -1
4.015263e-001 -1.115613e-001 
1
2
10 10 5 9 0 -1
7 13 5 3 0 3
tilted_haar_y3
-1.504351e-001 0 -1
5.960888e-001 -5.135828e-002 
1
2
16 23 8 1 0 -1
20 23 4 1 0 2
haar_x2
2.067103e-003 0 -1
-1.316850e-001 2.752466e-001 
1
2
18 20 1 2 0 -1
18 20 1 1 0 2
tilted_haar_y2
-2.565594e-004 0 -1
2.044834e-001 -1.865905e-001 
1
2
14 16 1 6 0 -1
14 16 1 3 0 2
tilted_haar_y2
2.368785e-002 0 -1
-3.546607e-002 8.561012e-001 
1
2
12 23 4 1 0 -1
13 23 2 1 0 2
haar_x4
3.823353e-004 0 -1
8.744812e-002 -4.067667e-001 
1
2
16 2 4 14 0 -1
16 2 2 14 0 2
tilted_haar_x2
-3.033231e-002 0 -1
2.448431e-001 -1.249192e-001 
1
3
14 1 10 2 0 -1
14 1 5 1 0 2
19 2 5 1 0 2
haar_x2_y2
-2.351733e-003 0 -1
3.253524e-001 -9.458271e-002 
1
2
21 1 3 1 0 -1
22 2 1 1 0 3
tilted_haar_x3
-1.157495e-003 0 -1
-3.664913e-001 8.698211e-002 
1
2
14 0 10 3 0 -1
19 0 5 3 0 2
haar_x2
-3.808152e-003 0 -1
2.178085e-001 -1.571212e-001 
1
2
3 14 4 4 0 -1
5 14 2 4 0 2
haar_x2
-1.615412e-003 0 -1
1.708922e-001 -1.795699e-001 
1
2
5 9 3 5 0 -1
6 10 1 5 0 3
tilted_haar_x3
6.994178e-003 0 -1
6.061748e-002 -5.539671e-001 
1
2
1 3 6 11 0 -1
3 3 2 11 0 3
haar_x3
1.619786e-002 0 -1
-6.565972e-002 5.137420e-001 
1
2
5 11 4 5 0 -1
6 11 2 5 0 2
haar_x4
8.391271e-004 0 -1
-1.119351e-001 2.775832e-001 
1
2
6 5 13 3 0 -1
6 6 13 1 0 3
haar_y3
9.336939e-003 0 -1
-7.041717e-002 4.243380e-001 
1
2
8 3 8 3 0 -1
8 4 8 1 0 3
haar_y3
1.508423e-002 0 -1
-3.465885e-002 8.206257e-001 
1
2
14 22 4 1 0 -1
15 22 2 1 0 2
haar_x4
6.715798e-005 0 -1
1.544418e-001 -2.123678e-001 
1
2
0 10 1 6 0 -1
0 12 1 2 0 3
haar_y3
5.555257e-003 0 -1
5.370903e-002 -5.964723e-001 
1
2
3 17 2 3 0 -1
3 17 1 3 0 2
tilted_haar_x2
2.410053e-003 0 -1
7.906403e-002 -3.594215e-001 
1
2
0 21 12 2 0 -1
4 21 4 2 0 3
haar_x3
-1.811351e-003 0 -1
2.085004e-001 -1.610860e-001 
1
2
0 22 6 2 0 -1
3 22 3 2 0 2
haar_x2
1.722472e-003 0 -1
-1.183988e-001 3.614912e-001 
1
2
13 21 10 3 0 -1
13 22 10 1 0 3
haar_y3
-1.476624e-002 0 -1
8.820596e-001 -2.735297e-002 
1
2
15 0 3 10 0 -1
16 1 1 10 0 3
tilted_haar_x3
-1.555999e-002 0 -1
-5.946094e-001 5.581164e-002 
1
2
12 0 6 8 0 -1
14 2 2 8 0 3
tilted_haar_x3
-3.071609e-002 0 -1
2.743541e-001 -1.124529e-001 
1
2
6 2 16 6 0 -1
6 4 16 2 0 3
haar_y3
2.534568e-002 0 -1
-1.134074e-001 2.705455e-001 
1
2
18 0 1 8 0 -1
16 2 1 4 0 2
tilted_haar_y4
-4.403388e-003 0 -1
3.391150e-001 -1.082072e-001 
1
2
23 8 1 2 0 -1
23 9 1 1 0 2
haar_y2
1.149273e-003 0 -1
6.830364e-002 -5.090177e-001 
1
2
2 11 20 6 0 -1
2 13 20 2 0 3
haar_y3
2.708967e-002 0 -1
-1.377495e-001 2.344292e-001 
1
2
16 3 6 6 0 -1
14 5 6 2 0 3
tilted_haar_y3
-4.976537e-002 0 -1
-7.346738e-001 4.752034e-002 
-1.050970e+000

17
-1
