24
1
2
10 9 6 9 0 -1
7 12 6 3 0 3
tilted_haar_y3
-9.249544e-002 0 -1
6.037693e-001 -2.661095e-001 
1
2
6 0 12 3 0 -1
10 4 4 3 0 3
tilted_haar_x3
-5.427973e-002 0 -1
4.832196e-001 -2.195418e-001 
1
2
10 11 6 6 0 -1
10 11 6 3 0 2
tilted_haar_y2
-5.639221e-002 0 -1
6.015189e-001 -1.189915e-001 
1
2
9 13 3 8 0 -1
7 15 3 4 0 2
tilted_haar_y4
-2.988379e-002 0 -1
5.193357e-001 -1.983532e-001 
1
2
9 8 11 9 0 -1
9 11 11 3 0 3
haar_y3
-4.473777e-002 0 -1
4.904090e-001 -1.618334e-001 
1
2
1 9 21 6 0 -1
1 11 21 2 0 3
haar_y3
4.188298e-002 0 -1
-1.475484e-001 5.286633e-001 
1
2
13 22 3 1 0 -1
14 22 1 1 0 3
haar_x3
4.640736e-004 0 -1
1.305015e-001 -5.907933e-001 
1
2
15 4 6 5 0 -1
17 6 2 5 0 3
tilted_haar_x3
-1.292209e-002 0 -1
3.435675e-001 -2.085972e-001 
1
2
1 3 22 14 0 -1
12 3 11 14 0 2
haar_x2
1.594771e-001 0 -1
-2.730336e-001 3.070109e-001 
1
2
3 5 21 9 0 -1
3 8 21 3 0 3
haar_y3
1.528135e-001 0 -1
-1.055915e-001 7.872208e-001 
1
2
4 21 4 1 0 -1
5 21 2 1 0 2
haar_x4
7.347767e-004 0 -1
1.242389e-001 -6.211829e-001 
1
2
5 17 15 6 0 -1
5 19 15 2 0 3
haar_y3
3.443521e-002 0 -1
-1.307029e-001 5.431099e-001 
1
2
5 19 2 3 0 -1
5 19 1 3 0 2
tilted_haar_x2
2.164220e-003 0 -1
1.379021e-001 -5.413031e-001 
1
2
13 22 3 1 0 -1
14 22 1 1 0 3
haar_x3
-5.019003e-004 0 -1
-6.518933e-001 9.138141e-002 
1
2
8 10 12 12 0 -1
8 13 12 6 0 2
haar_y4
1.019489e-001 0 -1
-1.210172e-001 6.051357e-001 
1
2
0 7 6 17 0 -1
3 7 3 17 0 2
haar_x2
-1.343885e-002 0 -1
2.371800e-001 -3.024264e-001 
1
2
9 4 4 3 0 -1
10 5 2 3 0 2
tilted_haar_x4
5.329811e-003 0 -1
-1.368134e-001 5.288108e-001 
1
2
8 1 3 1 0 -1
9 1 1 1 0 3
haar_x3
-4.029273e-004 0 -1
-5.476870e-001 1.453506e-001 
1
2
0 11 15 8 0 -1
5 11 5 8 0 3
haar_x3
3.971867e-002 0 -1
-9.123558e-002 7.189668e-001 
1
2
6 13 8 2 0 -1
6 13 8 1 0 2
tilted_haar_y2
-1.119997e-002 0 -1
5.675545e-001 -1.135566e-001 
1
2
3 13 5 4 0 -1
3 15 5 2 0 2
haar_y2
-3.882866e-003 0 -1
3.670012e-001 -2.109261e-001 
1
2
1 6 15 12 0 -1
6 10 5 4 0 9
haar_point
-2.934497e-001 0 -1
6.555501e-001 -1.078500e-001 
1
2
0 2 24 14 0 -1
6 2 12 14 0 2
haar_x4
1.081678e-001 0 -1
-9.475687e-002 5.758410e-001 
1
2
11 6 12 11 0 -1
17 6 6 11 0 2
haar_x2
5.585979e-002 0 -1
-2.616885e-001 3.143550e-001 
-1.304977e+000

3
-1
