41
1
2
7 2 10 9 0 -1
7 5 10 3 0 3
haar_y3
-7.440614e-002 0 -1
5.361646e-001 -1.489511e-001 
1
2
14 20 2 2 0 -1
14 20 2 1 0 2
tilted_haar_y2
-9.038046e-004 0 -1
2.634453e-001 -2.254250e-001 
1
2
4 12 4 4 0 -1
4 14 4 2 0 2
haar_y2
-2.279707e-003 0 -1
2.152031e-001 -2.146468e-001 
1
2
5 4 9 5 0 -1
8 7 3 5 0 3
tilted_haar_x3
-4.633100e-002 0 -1
2.820081e-001 -2.097919e-001 
1
2
6 17 11 6 0 -1
6 19 11 2 0 3
haar_y3
2.318235e-002 0 -1
-1.402713e-001 3.521669e-001 
1
2
2 14 18 6 0 -1
2 16 18 2 0 3
haar_y3
3.209673e-002 0 -1
-1.266628e-001 3.824531e-001 
1
2
18 12 1 8 0 -1
18 12 1 4 0 2
tilted_haar_y2
3.537883e-002 0 -1
-5.365751e-002 7.378850e-001 
1
2
5 7 4 7 0 -1
6 7 2 7 0 2
haar_x4
2.451126e-003 0 -1
-1.003868e-001 3.918440e-001 
1
2
18 8 6 6 0 -1
20 8 2 6 0 3
haar_x3
6.801725e-003 0 -1
-1.050337e-001 3.594182e-001 
1
2
1 20 8 2 0 -1
5 20 4 2 0 2
haar_x2
-3.039886e-003 0 -1
2.389349e-001 -1.648014e-001 
1
2
6 18 2 4 0 -1
6 18 2 2 0 2
tilted_haar_y2
5.348695e-003 0 -1
-9.108128e-002 5.084692e-001 
1
2
0 22 3 1 0 -1
1 22 1 1 0 3
haar_x3
2.632969e-004 0 -1
1.156872e-001 -4.104416e-001 
1
2
23 21 1 3 0 -1
23 22 1 1 0 3
haar_y3
-2.559240e-004 0 -1
-3.155888e-001 1.198788e-001 
1
2
0 20 6 3 0 -1
3 20 3 3 0 2
haar_x2
-3.354091e-003 0 -1
2.437911e-001 -1.450654e-001 
1
2
8 16 3 2 0 -1
8 16 3 1 0 2
tilted_haar_y2
-4.173524e-003 0 -1
2.772403e-001 -1.533453e-001 
1
2
2 3 8 6 0 -1
4 3 4 6 0 2
haar_x4
-9.492164e-003 0 -1
2.978942e-001 -1.270801e-001 
1
2
8 0 9 3 0 -1
11 0 3 3 0 3
haar_x3
2.254777e-002 0 -1
4.541645e-002 -8.775597e-001 
1
2
10 10 9 6 0 -1
10 12 9 2 0 3
haar_y3
-3.514544e-002 0 -1
4.283421e-001 -9.255019e-002 
1
2
4 13 3 6 0 -1
4 16 3 3 0 2
haar_y2
-4.803967e-003 0 -1
2.948366e-001 -1.356591e-001 
1
2
1 11 20 3 0 -1
11 11 10 3 0 2
haar_x2
1.103884e-001 0 -1
-6.762089e-002 5.328840e-001 
1
2
10 15 12 4 0 -1
14 15 4 4 0 3
haar_x3
-2.355992e-003 0 -1
2.369152e-001 -1.821515e-001 
1
2
13 22 3 2 0 -1
14 22 1 2 0 3
haar_x3
-9.410892e-004 0 -1
-6.128788e-001 6.229736e-002 
1
2
0 4 1 9 0 -1
0 7 1 3 0 3
haar_y3
1.062184e-002 0 -1
4.265937e-002 -6.693146e-001 
1
2
22 4 2 20 0 -1
22 14 2 10 0 2
haar_y2
-4.168350e-002 0 -1
-4.879379e-001 5.979609e-002 
1
3
0 14 4 2 0 -1
0 14 2 1 0 2
2 15 2 1 0 2
haar_x2_y2
2.288514e-003 0 -1
4.227443e-002 -7.106783e-001 
1
2
13 4 3 8 0 -1
14 5 1 8 0 3
tilted_haar_x3
-1.213519e-003 0 -1
1.730098e-001 -1.892088e-001 
1
2
9 3 6 5 0 -1
11 5 2 5 0 3
tilted_haar_x3
3.832576e-002 0 -1
-5.116511e-002 6.957151e-001 
1
2
4 23 16 1 0 -1
12 23 8 1 0 2
haar_x2
-4.867757e-003 0 -1
2.572064e-001 -1.303400e-001 
1
2
13 14 2 8 0 -1
11 16 2 4 0 2
tilted_haar_y4
1.340773e-002 0 -1
-1.029745e-001 3.610586e-001 
1
2
17 13 2 8 0 -1
17 13 2 4 0 2
tilted_haar_y2
5.417354e-002 0 -1
-5.680156e-002 6.286101e-001 
1
2
1 19 21 4 0 -1
1 20 21 2 0 2
haar_y4
-1.738247e-003 0 -1
-2.630048e-001 1.670058e-001 
1
2
10 3 9 6 0 -1
10 5 9 2 0 3
haar_y3
3.168457e-002 0 -1
-8.060493e-002 4.357876e-001 
1
2
11 3 8 6 0 -1
11 5 8 2 0 3
haar_y3
-2.333884e-002 0 -1
4.001102e-001 -9.843154e-002 
1
2
8 18 2 4 0 -1
7 19 2 2 0 2
tilted_haar_y4
-2.827274e-003 0 -1
3.462340e-001 -9.847185e-002 
1
2
18 22 4 2 0 -1
18 23 4 1 0 2
haar_y2
-1.670625e-003 0 -1
-3.811709e-001 9.193204e-002 
1
2
13 4 2 7 0 -1
13 4 1 7 0 2
tilted_haar_x2
-4.227977e-003 0 -1
2.635415e-001 -1.316283e-001 
1
3
0 4 12 8 0 -1
0 4 6 4 0 2
6 8 6 4 0 2
haar_x2_y2
-1.390449e-002 0 -1
2.679002e-001 -1.563034e-001 
1
2
1 0 12 4 0 -1
5 0 4 4 0 3
haar_x3
3.631520e-002 0 -1
5.112172e-002 -7.767011e-001 
1
2
5 19 9 1 0 -1
8 19 3 1 0 3
haar_x3
1.828286e-003 0 -1
7.961358e-002 -4.106900e-001 
1
2
0 0 2 16 0 -1
1 0 1 16 0 2
haar_x2
1.196536e-003 0 -1
8.279640e-002 -3.964695e-001 
1
2
8 20 3 1 0 -1
9 21 1 1 0 3
tilted_haar_x3
-2.461289e-003 0 -1
-8.066068e-001 3.892314e-002 
-1.089423e+000

14
-1
