23
1
3
2 12 18 12 0 -1
2 12 9 6 0 2
11 18 9 6 0 2
haar_x2_y2
-7.838206e-002 0 -1
4.015570e-001 -3.277251e-001 
1
2
6 0 10 12 0 -1
6 3 10 6 0 2
haar_y4
-7.786317e-002 0 -1
6.804140e-001 -1.425915e-001 
1
2
9 0 9 9 0 -1
9 3 9 3 0 3
haar_y3
2.947083e-002 0 -1
-2.210303e-001 3.865298e-001 
1
2
6 12 7 4 0 -1
6 12 7 2 0 2
tilted_haar_y2
-4.369842e-002 0 -1
6.000447e-001 -8.600964e-002 
1
2
8 13 10 9 0 -1
8 16 10 3 0 3
haar_y3
3.894486e-002 0 -1
-1.654217e-001 4.695722e-001 
1
2
6 12 10 12 0 -1
6 16 10 4 0 3
haar_y3
-1.703294e-001 0 -1
7.061301e-001 -1.217119e-001 
1
2
4 9 20 15 0 -1
14 9 10 15 0 2
haar_x2
9.598975e-002 0 -1
-3.292589e-001 2.348411e-001 
1
2
8 9 8 12 0 -1
8 13 8 4 0 3
haar_y3
-1.329200e-001 0 -1
6.880106e-001 -1.118369e-001 
1
2
4 10 4 9 0 -1
4 13 4 3 0 3
haar_y3
6.567227e-003 0 -1
-1.889721e-001 3.671836e-001 
1
2
0 8 12 3 0 -1
6 8 6 3 0 2
haar_x2
-1.494707e-002 0 -1
3.719969e-001 -1.765989e-001 
1
2
2 5 12 12 0 -1
8 5 6 12 0 2
haar_x2
7.736337e-002 0 -1
-2.106059e-001 4.798309e-001 
1
3
10 0 14 4 0 -1
10 0 7 2 0 2
17 2 7 2 0 2
haar_x2_y2
1.095604e-002 0 -1
-1.372366e-001 4.837233e-001 
1
2
13 1 6 3 0 -1
15 1 2 3 0 3
haar_x3
7.627635e-003 0 -1
9.900147e-002 -7.164164e-001 
1
2
8 10 8 12 0 -1
8 14 8 4 0 3
haar_y3
-1.415127e-001 0 -1
6.205855e-001 -9.450956e-002 
1
2
10 9 9 6 0 -1
10 11 9 2 0 3
haar_y3
-2.218674e-002 0 -1
4.510036e-001 -1.233142e-001 
1
2
12 6 10 11 0 -1
17 6 5 11 0 2
haar_x2
2.355325e-002 0 -1
-2.620744e-001 2.205021e-001 
1
2
8 12 6 6 0 -1
6 14 6 2 0 3
tilted_haar_y3
-2.843920e-002 0 -1
3.422325e-001 -1.848979e-001 
1
2
4 17 3 4 0 -1
5 18 1 4 0 3
tilted_haar_x3
3.215800e-003 0 -1
1.051535e-001 -5.896634e-001 
1
2
10 1 2 1 0 -1
11 1 1 1 0 2
haar_x2
-5.357075e-004 0 -1
-5.769477e-001 1.022168e-001 
1
2
10 1 2 1 0 -1
11 1 1 1 0 2
haar_x2
4.889773e-004 0 -1
8.960798e-002 -6.227105e-001 
1
3
12 0 10 4 0 -1
12 0 5 2 0 2
17 2 5 2 0 2
haar_x2_y2
-4.158128e-003 0 -1
3.493009e-001 -1.657744e-001 
1
2
0 5 21 15 0 -1
7 10 7 5 0 9
haar_point
-6.237815e-001 0 -1
6.816257e-001 -7.149038e-002 
1
2
8 6 13 2 0 -1
8 7 13 1 0 2
haar_y2
8.893592e-003 0 -1
-8.291632e-002 5.547041e-001 
-1.153760e+000

5
-1
