22
1
2
8 0 16 8 0 -1
8 0 16 4 0 2
tilted_haar_y2
5.874277e-002 0 -1
-4.320305e-001 3.161917e-001 
1
2
5 0 10 8 0 -1
5 4 10 4 0 2
haar_y2
-5.224680e-002 0 -1
4.317175e-001 -2.368168e-001 
1
2
4 23 18 1 0 -1
13 23 9 1 0 2
haar_x2
-3.726620e-003 0 -1
3.771859e-001 -2.355054e-001 
1
2
1 20 3 1 0 -1
2 21 1 1 0 3
tilted_haar_x3
9.845262e-004 0 -1
9.029679e-002 -5.416300e-001 
1
2
1 20 3 1 0 -1
2 21 1 1 0 3
tilted_haar_x3
-1.057646e-003 0 -1
-5.685522e-001 1.373216e-001 
1
2
2 9 4 8 0 -1
2 13 4 4 0 2
haar_y2
-4.715478e-003 0 -1
2.583874e-001 -2.730497e-001 
1
2
3 13 15 3 0 -1
3 14 15 1 0 3
haar_y3
9.305410e-003 0 -1
-1.337184e-001 5.470141e-001 
1
2
16 5 7 12 0 -1
13 8 7 6 0 2
tilted_haar_y4
-1.301739e-001 0 -1
5.778216e-001 -1.125003e-001 
1
2
2 10 14 8 0 -1
9 10 7 8 0 2
haar_x2
5.632985e-002 0 -1
-2.244502e-001 3.571555e-001 
1
2
0 8 24 7 0 -1
6 8 12 7 0 2
haar_x4
-7.787898e-002 0 -1
3.823555e-001 -1.923181e-001 
1
2
21 7 3 12 0 -1
18 10 3 6 0 2
tilted_haar_y4
7.540536e-002 0 -1
-9.636369e-002 6.467705e-001 
1
2
18 1 6 4 0 -1
20 1 2 4 0 3
haar_x3
-4.853696e-003 0 -1
-4.872690e-001 1.306109e-001 
1
2
18 23 6 1 0 -1
20 23 2 1 0 3
haar_x3
-2.045539e-003 0 -1
-6.948730e-001 7.387730e-002 
1
2
13 10 4 9 0 -1
10 13 4 3 0 3
tilted_haar_y3
-1.129638e-001 0 -1
6.968983e-001 -8.684412e-002 
1
2
10 0 8 3 0 -1
12 0 4 3 0 2
haar_x4
-1.274534e-002 0 -1
-8.484433e-001 6.426866e-002 
1
2
13 0 8 3 0 -1
15 0 4 3 0 2
haar_x4
-1.135132e-002 0 -1
-8.187810e-001 4.679093e-002 
1
2
8 4 7 2 0 -1
8 5 7 1 0 2
haar_y2
4.730041e-003 0 -1
-1.025032e-001 5.233676e-001 
1
2
2 16 3 2 0 -1
3 17 1 2 0 3
tilted_haar_x3
2.218352e-003 0 -1
1.220979e-001 -4.723217e-001 
1
2
5 17 2 5 0 -1
5 17 1 5 0 2
tilted_haar_x2
-1.026048e-002 0 -1
-8.055395e-001 5.630216e-002 
1
2
12 12 8 4 0 -1
16 12 4 4 0 2
haar_x2
5.218955e-003 0 -1
-2.664663e-001 1.800237e-001 
1
2
12 8 7 8 0 -1
10 10 7 4 0 2
tilted_haar_y4
3.416017e-002 0 -1
-1.177853e-001 4.309051e-001 
1
2
18 18 4 2 0 -1
19 19 2 2 0 2
tilted_haar_x4
-2.188388e-003 0 -1
-3.880511e-001 1.602422e-001 
-1.153962e+000

6
-1
