40
1
2
10 23 8 1 0 -1
14 23 4 1 0 2
haar_x2
-1.048438e-003 0 -1
3.152901e-001 -2.376782e-001 
1
3
1 4 14 12 0 -1
1 4 7 6 0 2
8 10 7 6 0 2
haar_x2_y2
6.703733e-002 0 -1
-1.605781e-001 4.075975e-001 
1
2
22 21 2 1 0 -1
22 21 1 1 0 2
tilted_haar_x2
5.805437e-004 0 -1
1.373130e-001 -4.447041e-001 
1
2
20 19 4 1 0 -1
21 20 2 1 0 2
tilted_haar_x4
-1.054614e-003 0 -1
-3.943538e-001 1.218286e-001 
1
2
11 19 8 5 0 -1
15 19 4 5 0 2
haar_x2
-1.899229e-002 0 -1
-6.666148e-001 2.190991e-002 
1
2
0 18 9 6 0 -1
3 18 3 6 0 3
haar_x3
-9.553200e-004 0 -1
2.157656e-001 -2.022360e-001 
1
2
1 0 16 2 0 -1
5 0 8 2 0 2
haar_x4
-1.563925e-002 0 -1
-5.079800e-001 8.680297e-002 
1
2
2 8 6 2 0 -1
2 8 3 2 0 2
tilted_haar_x2
5.342063e-003 0 -1
-2.669723e-001 1.609218e-001 
1
2
21 21 3 3 0 -1
21 22 3 1 0 3
haar_y3
9.491844e-004 0 -1
1.114414e-001 -3.547245e-001 
1
2
19 15 2 6 0 -1
19 15 2 3 0 2
tilted_haar_y2
4.451177e-002 0 -1
-4.787755e-002 7.103341e-001 
1
2
11 5 6 3 0 -1
13 7 2 3 0 3
tilted_haar_x3
3.512102e-002 0 -1
-5.029056e-002 7.036299e-001 
1
2
16 12 1 6 0 -1
16 12 1 3 0 2
tilted_haar_y2
2.648530e-002 0 -1
-4.637995e-002 7.208028e-001 
1
2
0 7 4 1 0 -1
2 7 2 1 0 2
haar_x2
-4.079582e-004 0 -1
1.953376e-001 -1.919016e-001 
1
2
0 6 1 6 0 -1
0 8 1 2 0 3
haar_y3
6.206462e-003 0 -1
3.922150e-002 -7.883450e-001 
1
2
0 6 1 18 0 -1
0 15 1 9 0 2
haar_y2
-2.217475e-002 0 -1
-6.697714e-001 4.949699e-002 
1
2
19 12 3 4 0 -1
20 13 1 4 0 3
tilted_haar_x3
-1.031498e-002 0 -1
7.710721e-001 -5.625656e-002 
1
2
2 21 2 1 0 -1
2 21 1 1 0 2
tilted_haar_x2
5.705822e-004 0 -1
1.112181e-001 -3.793201e-001 
1
2
11 8 4 5 0 -1
12 9 2 5 0 2
tilted_haar_x4
-4.488589e-003 0 -1
2.685567e-001 -1.457343e-001 
1
2
1 12 9 4 0 -1
1 13 9 2 0 2
haar_y4
2.806044e-003 0 -1
-1.390698e-001 2.884797e-001 
1
2
1 10 12 9 0 -1
5 13 4 3 0 9
haar_point
-1.639257e-001 0 -1
4.230102e-001 -8.428058e-002 
1
2
2 19 4 1 0 -1
4 19 2 1 0 2
haar_x2
-3.352983e-004 0 -1
2.185843e-001 -2.059801e-001 
1
2
11 4 3 1 0 -1
12 4 1 1 0 3
haar_x3
-2.851970e-004 0 -1
-3.796892e-001 1.180439e-001 
1
2
2 13 4 1 0 -1
3 14 2 1 0 2
tilted_haar_x4
4.006501e-003 0 -1
5.626593e-002 -6.735743e-001 
1
2
17 22 3 2 0 -1
18 22 1 2 0 3
haar_x3
1.230005e-003 0 -1
4.379871e-002 -7.289333e-001 
1
2
9 2 15 22 0 -1
9 13 15 11 0 2
haar_y2
-4.080864e-001 0 -1
-9.099883e-001 3.189790e-002 
1
2
12 4 4 3 0 -1
13 5 2 3 0 2
tilted_haar_x4
-5.934091e-003 0 -1
2.855644e-001 -1.338144e-001 
1
2
0 10 1 6 0 -1
0 12 1 2 0 3
haar_y3
7.630106e-003 0 -1
4.918947e-002 -8.001307e-001 
1
2
12 3 6 3 0 -1
12 4 6 1 0 3
haar_y3
-3.202974e-003 0 -1
3.519866e-001 -1.199772e-001 
1
2
11 23 12 1 0 -1
14 23 6 1 0 2
haar_x4
-7.444819e-003 0 -1
-7.863353e-001 4.972149e-002 
1
2
17 23 6 1 0 -1
20 23 3 1 0 2
haar_x2
9.929468e-004 0 -1
-1.628364e-001 2.846658e-001 
1
2
0 21 20 3 0 -1
5 21 10 3 0 2
haar_x4
9.373033e-003 0 -1
-1.156256e-001 3.277447e-001 
1
2
13 7 4 17 0 -1
14 7 2 17 0 2
haar_x4
-3.405642e-003 0 -1
3.611965e-001 -9.732689e-002 
1
2
21 3 3 1 0 -1
22 4 1 1 0 3
tilted_haar_x3
-1.640861e-003 0 -1
-4.663543e-001 7.616458e-002 
1
2
5 18 2 4 0 -1
5 18 1 4 0 2
tilted_haar_x2
2.751971e-003 0 -1
7.317165e-002 -4.687786e-001 
1
2
22 10 2 2 0 -1
22 11 2 1 0 2
haar_y2
2.302060e-003 0 -1
6.600065e-002 -5.128029e-001 
1
2
7 10 15 3 0 -1
7 11 15 1 0 3
haar_y3
1.506352e-002 0 -1
-7.691723e-002 4.877880e-001 
1
2
0 11 18 4 0 -1
0 12 18 2 0 2
haar_y4
1.525007e-002 0 -1
-9.071533e-002 3.991048e-001 
1
2
13 0 3 1 0 -1
14 1 1 1 0 3
tilted_haar_x3
2.568597e-003 0 -1
7.155657e-002 -5.896649e-001 
1
2
5 8 1 3 0 -1
5 9 1 1 0 3
haar_y3
-7.299582e-004 0 -1
-4.544474e-001 8.034085e-002 
1
2
12 2 4 12 0 -1
8 6 4 4 0 3
tilted_haar_y3
-7.914085e-003 0 -1
1.484860e-001 -2.344547e-001 
-1.111422e+000

13
-1
