40
1
3
0 11 20 12 0 -1
0 11 10 6 0 2
10 17 10 6 0 2
haar_x2_y2
-1.162041e-001 0 -1
3.896473e-001 -2.136751e-001 
1
2
0 4 21 6 0 -1
7 6 7 2 0 9
haar_point
-1.274143e-001 0 -1
3.399554e-001 -1.659227e-001 
1
2
12 23 4 1 0 -1
14 23 2 1 0 2
haar_x2
-1.834221e-003 0 -1
-6.755426e-001 8.353966e-002 
1
2
7 23 10 1 0 -1
12 23 5 1 0 2
haar_x2
-1.528891e-003 0 -1
2.533026e-001 -2.122124e-001 
1
2
8 21 4 1 0 -1
10 21 2 1 0 2
haar_x2
-1.525519e-003 0 -1
-6.223259e-001 6.242982e-002 
1
2
19 9 1 12 0 -1
15 13 1 4 0 3
tilted_haar_y3
-4.964729e-002 0 -1
6.546133e-001 -9.433454e-002 
1
2
21 0 3 1 0 -1
22 1 1 1 0 3
tilted_haar_x3
-1.334429e-003 0 -1
-4.439257e-001 1.099721e-001 
1
2
21 0 3 2 0 -1
22 1 1 2 0 3
tilted_haar_x3
1.717943e-003 0 -1
1.120148e-001 -4.155283e-001 
1
2
0 12 21 12 0 -1
7 16 7 4 0 9
haar_point
-5.250940e-001 0 -1
5.609710e-001 -8.137427e-002 
1
2
12 12 4 8 0 -1
12 12 4 4 0 2
tilted_haar_y2
1.032737e-001 0 -1
-6.716765e-002 6.910522e-001 
1
2
9 11 3 9 0 -1
6 14 3 3 0 3
tilted_haar_y3
3.607742e-002 0 -1
-8.996247e-002 5.047827e-001 
1
2
1 7 9 12 0 -1
1 13 9 6 0 2
haar_y2
-1.528504e-002 0 -1
2.230636e-001 -2.283805e-001 
1
2
0 7 1 10 0 -1
0 12 1 5 0 2
haar_y2
-1.549738e-002 0 -1
-7.772755e-001 4.893064e-002 
1
2
0 8 4 3 0 -1
2 8 2 3 0 2
haar_x2
-1.410385e-003 0 -1
1.648244e-001 -2.440104e-001 
1
2
2 2 6 15 0 -1
4 2 2 15 0 3
haar_x3
1.174016e-002 0 -1
-7.934732e-002 4.784487e-001 
1
2
7 4 12 4 0 -1
7 5 12 2 0 2
haar_y4
1.838654e-002 0 -1
-7.043187e-002 5.841472e-001 
1
2
10 6 9 4 0 -1
10 7 9 2 0 2
haar_y4
1.020424e-002 0 -1
-9.377169e-002 4.857503e-001 
1
2
23 3 1 18 0 -1
23 12 1 9 0 2
haar_y2
3.147918e-004 0 -1
-2.356455e-001 2.429418e-001 
1
2
0 11 2 10 0 -1
1 11 1 10 0 2
haar_x2
-1.013697e-004 0 -1
1.414001e-001 -3.986194e-001 
1
2
5 1 1 8 0 -1
5 5 1 4 0 2
haar_y2
-3.025739e-003 0 -1
2.265945e-001 -2.206181e-001 
1
2
13 20 7 4 0 -1
13 22 7 2 0 2
haar_y2
1.962131e-003 0 -1
-2.126997e-001 2.171624e-001 
1
2
6 15 18 9 0 -1
6 18 18 3 0 3
haar_y3
5.397154e-005 0 -1
-2.794484e-001 3.121003e-001 
1
2
1 13 14 6 0 -1
1 15 14 2 0 3
haar_y3
1.810660e-003 0 -1
-2.333664e-001 2.685709e-001 
1
2
3 8 4 12 0 -1
3 14 4 6 0 2
haar_y2
-1.211629e-002 0 -1
3.143761e-001 -2.587247e-001 
1
3
5 4 12 20 0 -1
5 4 6 10 0 2
11 14 6 10 0 2
haar_x2_y2
-1.214943e-002 0 -1
2.999767e-001 -2.694425e-001 
1
2
12 4 4 5 0 -1
13 5 2 5 0 2
tilted_haar_x4
-3.176586e-003 0 -1
2.655673e-001 -2.027411e-001 
1
2
11 2 8 11 0 -1
13 4 4 11 0 2
tilted_haar_x4
3.185371e-002 0 -1
-1.039914e-001 5.354538e-001 
1
2
15 8 6 9 0 -1
15 8 3 9 0 2
tilted_haar_x2
-1.750907e-002 0 -1
2.219558e-001 -3.106568e-001 
1
3
1 10 16 12 0 -1
1 10 8 6 0 2
9 16 8 6 0 2
haar_x2_y2
-6.848789e-002 0 -1
3.481029e-001 -1.508196e-001 
1
2
6 12 6 4 0 -1
6 13 6 2 0 2
haar_y4
1.853307e-005 0 -1
-2.139694e-001 2.140490e-001 
1
2
5 8 2 6 0 -1
5 11 2 3 0 2
haar_y2
-2.677080e-003 0 -1
2.883826e-001 -2.202679e-001 
1
2
4 9 7 3 0 -1
3 10 7 1 0 3
tilted_haar_y3
1.653660e-003 0 -1
-1.410410e-001 3.423148e-001 
1
2
5 9 5 6 0 -1
5 11 5 2 0 3
haar_y3
6.810800e-004 0 -1
-2.263512e-001 2.400559e-001 
1
2
1 8 6 16 0 -1
4 8 3 16 0 2
haar_x2
-1.262596e-003 0 -1
1.502966e-001 -4.278221e-001 
1
2
1 5 12 13 0 -1
4 5 6 13 0 2
haar_x4
1.288305e-002 0 -1
-1.211201e-001 6.105320e-001 
1
2
5 11 18 2 0 -1
14 11 9 2 0 2
haar_x2
1.663336e-004 0 -1
-5.525530e-001 1.252553e-001 
1
2
19 5 1 12 0 -1
19 9 1 4 0 3
haar_y3
-2.024288e-003 0 -1
3.653757e-001 -2.690988e-001 
1
2
7 7 17 6 0 -1
7 9 17 2 0 3
haar_y3
3.014268e-002 0 -1
-1.424947e-001 4.636206e-001 
1
2
18 1 3 9 0 -1
19 2 1 9 0 3
tilted_haar_x3
-3.945436e-004 0 -1
2.497007e-001 -3.434090e-001 
1
2
3 5 20 14 0 -1
8 5 10 14 0 2
haar_x4
7.159965e-002 0 -1
-1.518419e-001 4.957021e-001 
-1.340500e+000

10
-1
