199
1
2
4 6 20 13 0 -1
14 6 10 13 0 2
haar_x2
2.429354e-003 0 -1
-8.223147e-001 4.214320e-001 
1
2
0 8 9 16 0 -1
0 12 9 8 0 2
haar_y4
-2.144096e-002 0 -1
4.144435e-001 -7.155550e-001 
1
2
1 5 2 14 0 -1
2 5 1 14 0 2
haar_x2
-1.778841e-005 0 -1
3.071135e-001 -6.301109e-001 
1
2
1 10 19 9 0 -1
1 13 19 3 0 3
haar_y3
5.136497e-002 0 -1
-2.904021e-001 7.030109e-001 
1
2
8 6 11 18 0 -1
8 12 11 6 0 3
haar_y3
-6.392669e-002 0 -1
5.774909e-001 -5.044759e-001 
1
2
3 0 17 15 0 -1
3 5 17 5 0 3
haar_y3
-8.768217e-002 0 -1
7.334079e-001 -2.553152e-001 
1
2
4 12 16 9 0 -1
4 15 16 3 0 3
haar_y3
5.664150e-002 0 -1
-2.686365e-001 7.524078e-001 
1
2
17 0 7 12 0 -1
14 3 7 6 0 2
tilted_haar_y4
4.533515e-002 0 -1
-5.041991e-001 5.681819e-001 
1
2
0 7 24 6 0 -1
8 9 8 2 0 9
haar_point
-1.499537e-002 0 -1
4.824512e-001 -6.774459e-001 
1
2
0 7 24 6 0 -1
8 9 8 2 0 9
haar_point
5.591085e-005 0 -1
-4.399805e-001 6.718523e-001 
1
2
0 7 2 17 0 -1
1 7 1 17 0 2
haar_x2
-2.385768e-005 0 -1
4.027820e-001 -7.169461e-001 
1
2
0 7 2 17 0 -1
1 7 1 17 0 2
haar_x2
1.756167e-005 0 -1
-3.743418e-001 6.723040e-001 
1
2
10 1 12 6 0 -1
14 5 4 6 0 3
tilted_haar_x3
-5.450647e-004 0 -1
4.855514e-001 -6.551759e-001 
1
2
10 1 12 6 0 -1
14 5 4 6 0 3
tilted_haar_x3
1.807950e-003 0 -1
-4.484637e-001 6.805258e-001 
1
2
3 5 2 18 0 -1
4 5 1 18 0 2
haar_x2
-1.221581e-004 0 -1
4.583052e-001 -6.730908e-001 
1
2
2 3 12 15 0 -1
6 3 4 15 0 3
haar_x3
5.732925e-004 0 -1
-4.284744e-001 6.708045e-001 
1
2
7 10 12 4 0 -1
13 10 6 4 0 2
haar_x2
8.204649e-004 0 -1
-7.792916e-001 4.244140e-001 
1
2
19 3 4 9 0 -1
16 6 4 3 0 3
tilted_haar_y3
-3.377004e-003 0 -1
6.044922e-001 -7.416114e-001 
1
2
19 3 4 9 0 -1
16 6 4 3 0 3
tilted_haar_y3
1.421172e-003 0 -1
-6.297342e-001 6.552193e-001 
1
2
9 16 8 8 0 -1
9 20 8 4 0 2
haar_y2
1.475404e-004 0 -1
-7.227831e-001 5.351964e-001 
1
2
8 16 8 8 0 -1
8 20 8 4 0 2
haar_y2
-5.854207e-005 0 -1
7.399489e-001 -8.316653e-001 
1
2
8 16 8 8 0 -1
8 20 8 4 0 2
haar_y2
9.744181e-004 0 -1
-6.531848e-001 7.248974e-001 
1
2
13 7 8 9 0 -1
10 10 8 3 0 3
tilted_haar_y3
1.724471e-003 0 -1
-7.942470e-001 7.428949e-001 
1
2
13 7 8 9 0 -1
10 10 8 3 0 3
tilted_haar_y3
-2.833677e-004 0 -1
7.656543e-001 -9.218287e-001 
1
2
13 7 8 9 0 -1
10 10 8 3 0 3
tilted_haar_y3
4.693848e-004 0 -1
-7.585630e-001 8.270640e-001 
1
2
13 7 8 9 0 -1
10 10 8 3 0 3
tilted_haar_y3
-2.833677e-004 0 -1
7.675984e-001 -9.036722e-001 
1
2
13 7 8 9 0 -1
10 10 8 3 0 3
tilted_haar_y3
4.693848e-004 0 -1
-7.482938e-001 8.523993e-001 
1
2
13 7 8 9 0 -1
10 10 8 3 0 3
tilted_haar_y3
-4.645153e-005 0 -1
7.588810e-001 -8.900583e-001 
1
2
13 7 8 9 0 -1
10 10 8 3 0 3
tilted_haar_y3
4.693848e-004 0 -1
-7.446414e-001 8.628314e-001 
1
2
8 11 16 8 0 -1
16 11 8 8 0 2
haar_x2
1.742156e-005 0 -1
-9.135586e-001 6.075274e-001 
1
2
8 11 16 8 0 -1
16 11 8 8 0 2
haar_x2
-2.175279e-004 0 -1
9.454812e-001 -9.440497e-001 
1
2
8 11 16 8 0 -1
16 11 8 8 0 2
haar_x2
1.742156e-005 0 -1
-8.829969e-001 8.007981e-001 
1
2
2 15 12 6 0 -1
2 17 12 2 0 3
haar_y3
7.350656e-005 0 -1
-9.399988e-001 7.068086e-001 
1
2
1 16 14 4 0 -1
1 17 14 2 0 2
haar_y4
-2.943454e-005 0 -1
9.013104e-001 -9.780381e-001 
1
2
1 16 14 4 0 -1
1 17 14 2 0 2
haar_y4
2.415256e-005 0 -1
-9.094603e-001 8.247867e-001 
1
2
2 16 12 4 0 -1
2 17 12 2 0 2
haar_y4
-1.872393e-004 0 -1
8.814830e-001 -9.572133e-001 
1
2
2 16 12 4 0 -1
2 17 12 2 0 2
haar_y4
3.837046e-005 0 -1
-8.890584e-001 8.636105e-001 
1
2
1 16 13 4 0 -1
1 17 13 2 0 2
haar_y4
-2.277895e-005 0 -1
8.938853e-001 -9.432638e-001 
1
2
1 16 13 4 0 -1
1 17 13 2 0 2
haar_y4
1.279015e-005 0 -1
-8.770199e-001 8.895620e-001 
1
2
2 16 11 4 0 -1
2 17 11 2 0 2
haar_y4
-2.214245e-005 0 -1
8.829748e-001 -9.364803e-001 
1
2
2 16 11 4 0 -1
2 17 11 2 0 2
haar_y4
2.558031e-005 0 -1
-8.698958e-001 9.050096e-001 
1
2
2 13 2 4 0 -1
2 15 2 2 0 2
haar_y2
-4.516770e-005 0 -1
7.861418e-001 -9.393010e-001 
1
2
2 13 2 4 0 -1
2 15 2 2 0 2
haar_y2
2.077092e-005 0 -1
-8.372083e-001 9.281911e-001 
1
2
0 14 5 2 0 -1
0 15 5 1 0 2
haar_y2
-2.217664e-005 0 -1
7.907689e-001 -9.385294e-001 
1
2
0 14 5 2 0 -1
0 15 5 1 0 2
haar_y2
1.395090e-005 0 -1
-8.259932e-001 9.385771e-001 
1
2
0 14 5 2 0 -1
0 15 5 1 0 2
haar_y2
-2.217664e-005 0 -1
8.122830e-001 -9.367030e-001 
1
2
0 14 5 2 0 -1
0 15 5 1 0 2
haar_y2
1.395090e-005 0 -1
-8.110109e-001 9.383574e-001 
1
2
2 14 2 1 0 -1
2 14 1 1 0 2
tilted_haar_x2
1.699157e-005 0 -1
-9.291584e-001 8.407911e-001 
1
2
2 14 2 1 0 -1
2 14 1 1 0 2
tilted_haar_x2
-2.402056e-005 0 -1
1.000000e+000 -9.829198e-001 
1
2
1 13 4 1 0 -1
1 13 2 1 0 2
tilted_haar_x2
2.530720e-005 0 -1
-9.095578e-001 8.624004e-001 
1
2
1 13 4 1 0 -1
1 13 2 1 0 2
tilted_haar_x2
-3.364244e-005 0 -1
1.000000e+000 -9.740261e-001 
1
2
1 13 4 1 0 -1
1 13 2 1 0 2
tilted_haar_x2
2.492788e-005 0 -1
-9.029004e-001 8.935601e-001 
1
2
1 13 4 1 0 -1
1 13 2 1 0 2
tilted_haar_x2
-1.612751e-005 0 -1
1.000000e+000 -9.642540e-001 
1
2
1 13 4 1 0 -1
1 13 2 1 0 2
tilted_haar_x2
2.492788e-005 0 -1
-8.916026e-001 9.120615e-001 
1
2
2 12 6 2 0 -1
4 14 2 2 0 3
tilted_haar_x3
2.729178e-005 0 -1
-9.631624e-001 9.434952e-001 
1
2
7 7 4 7 0 -1
8 8 2 7 0 2
tilted_haar_x4
-7.752587e-005 0 -1
1.000000e+000 -9.981549e-001 
1
2
7 7 4 7 0 -1
8 8 2 7 0 2
tilted_haar_x4
6.371360e-005 0 -1
-9.626434e-001 1.000000e+000 
1
2
6 15 4 2 0 -1
7 16 2 2 0 2
tilted_haar_x4
6.883076e-005 0 -1
-9.981641e-001 9.999952e-001 
1
2
0 0 2 1 0 -1
1 0 1 1 0 2
haar_x2
0.000000e+000 0 -1
0.000000e+000 -1.000000e+000 
1
2
6 15 4 2 0 -1
7 16 2 2 0 2
tilted_haar_x4
-1.416993e-005 0 -1
1.000000e+000 -9.717793e-001 
1
2
2 12 6 2 0 -1
4 14 2 2 0 3
tilted_haar_x3
-1.846937e-005 0 -1
9.945904e-001 -9.126591e-001 
1
2
0 6 24 12 0 -1
12 6 12 12 0 2
haar_x2
5.274228e-005 0 -1
-8.124961e-001 9.137883e-001 
1
2
21 7 3 4 0 -1
22 7 1 4 0 3
haar_x3
2.943454e-005 0 -1
-9.505344e-001 8.717132e-001 
1
2
7 14 15 4 0 -1
12 14 5 4 0 3
haar_x3
-2.686654e-004 0 -1
9.108786e-001 -9.936169e-001 
1
2
7 14 15 4 0 -1
12 14 5 4 0 3
haar_x3
1.961171e-005 0 -1
-9.318586e-001 9.420403e-001 
1
2
17 23 6 1 0 -1
20 23 3 1 0 2
haar_x2
-5.765909e-005 0 -1
9.381191e-001 -9.875695e-001 
1
2
17 23 6 1 0 -1
20 23 3 1 0 2
haar_x2
2.274529e-005 0 -1
-9.234191e-001 9.341382e-001 
1
2
12 14 4 10 0 -1
14 14 2 10 0 2
haar_x2
-9.183943e-005 0 -1
9.706322e-001 -9.808326e-001 
1
2
12 14 4 9 0 -1
14 14 2 9 0 2
haar_x2
5.936899e-005 0 -1
-9.263592e-001 9.289600e-001 
1
2
7 4 4 2 0 -1
7 4 2 2 0 2
tilted_haar_x2
1.549499e-004 0 -1
-9.829026e-001 9.127594e-001 
1
2
0 0 2 1 0 -1
1 0 1 1 0 2
haar_x2
-1.667044e-004 0 -1
1.000000e+000 -1.000000e+000 
1
2
0 0 2 1 0 -1
1 0 1 1 0 2
haar_x2
1.913149e-005 0 -1
-9.179121e-001 9.939489e-001 
1
2
17 1 4 11 0 -1
19 1 2 11 0 2
haar_x2
-9.815106e-005 0 -1
1.000000e+000 -9.904198e-001 
1
2
17 2 4 10 0 -1
19 2 2 10 0 2
haar_x2
1.875333e-004 0 -1
-9.254225e-001 9.834837e-001 
1
3
3 5 4 18 0 -1
3 5 2 9 0 2
5 14 2 9 0 2
haar_x2_y2
-1.367023e-004 0 -1
1.000000e+000 -9.909762e-001 
1
3
3 4 4 20 0 -1
3 4 2 10 0 2
5 14 2 10 0 2
haar_x2_y2
1.048478e-004 0 -1
-9.393712e-001 9.706253e-001 
1
3
4 4 2 20 0 -1
4 4 1 10 0 2
5 14 1 10 0 2
haar_x2_y2
-3.123394e-005 0 -1
1.000000e+000 -9.900699e-001 
1
3
4 4 2 20 0 -1
4 4 1 10 0 2
5 14 1 10 0 2
haar_x2_y2
1.955984e-005 0 -1
-9.428711e-001 9.696028e-001 
1
2
22 0 2 8 0 -1
22 0 2 4 0 2
tilted_haar_y2
-3.007158e-004 0 -1
9.559536e-001 -9.901587e-001 
1
2
22 0 2 8 0 -1
22 0 2 4 0 2
tilted_haar_y2
4.518004e-005 0 -1
-9.313372e-001 9.849774e-001 
1
3
4 4 2 20 0 -1
4 4 1 10 0 2
5 14 1 10 0 2
haar_x2_y2
-3.123394e-005 0 -1
1.000000e+000 -9.898234e-001 
1
3
4 4 2 20 0 -1
4 4 1 10 0 2
5 14 1 10 0 2
haar_x2_y2
1.955984e-005 0 -1
-9.443632e-001 9.702324e-001 
1
2
23 1 1 8 0 -1
23 1 1 4 0 2
tilted_haar_y2
-3.214380e-004 0 -1
9.633409e-001 -9.893172e-001 
1
2
23 1 1 8 0 -1
23 1 1 4 0 2
tilted_haar_y2
1.107122e-004 0 -1
-9.296783e-001 9.755536e-001 
1
2
7 14 3 10 0 -1
7 19 3 5 0 2
haar_y2
2.488654e-003 0 -1
-9.915894e-001 9.540483e-001 
1
2
0 0 2 1 0 -1
1 0 1 1 0 2
haar_x2
0.000000e+000 0 -1
0.000000e+000 -1.000000e+000 
1
2
0 0 20 15 0 -1
10 0 10 15 0 2
haar_x2
1.192052e-004 0 -1
-9.680174e-001 9.640710e-001 
1
2
0 0 4 16 0 -1
1 0 2 16 0 2
haar_x4
6.291439e-004 0 -1
-1.000000e+000 1.000000e+000 
1
2
0 0 2 1 0 -1
1 0 1 1 0 2
haar_x2
0.000000e+000 0 -1
0.000000e+000 -1.000000e+000 
1
2
0 2 4 14 0 -1
1 2 2 14 0 2
haar_x4
-7.207374e-005 0 -1
1.000000e+000 -9.672859e-001 
1
2
2 6 18 12 0 -1
8 10 6 4 0 9
haar_point
-2.223218e-003 0 -1
9.525992e-001 -8.666921e-001 
1
3
2 1 10 16 0 -1
2 1 5 8 0 2
7 9 5 8 0 2
haar_x2_y2
9.370514e-004 0 -1
-7.041349e-001 9.725015e-001 
1
2
1 13 5 6 0 -1
1 16 5 3 0 2
haar_y2
-3.855844e-005 0 -1
9.690824e-001 -9.170302e-001 
1
2
3 12 7 2 0 -1
3 12 7 1 0 2
tilted_haar_y2
-1.351149e-004 0 -1
8.907508e-001 -8.196608e-001 
1
2
7 15 4 2 0 -1
7 15 4 1 0 2
tilted_haar_y2
2.779219e-005 0 -1
-6.211974e-001 9.324237e-001 
1
2
4 5 1 4 0 -1
4 5 1 2 0 2
tilted_haar_y2
-7.875786e-005 0 -1
8.321319e-001 -8.746969e-001 
1
2
5 4 1 4 0 -1
4 5 1 2 0 2
tilted_haar_y4
2.150776e-005 0 -1
-6.885181e-001 8.700083e-001 
1
2
10 16 4 7 0 -1
12 16 2 7 0 2
haar_x2
-1.149489e-004 0 -1
9.053439e-001 -8.707590e-001 
1
2
5 0 5 22 0 -1
5 11 5 11 0 2
haar_y2
-1.735966e-003 0 -1
8.935712e-001 -7.169887e-001 
1
2
13 0 7 22 0 -1
13 11 7 11 0 2
haar_y2
1.219058e-003 0 -1
-5.477830e-001 8.791522e-001 
1
2
0 6 4 3 0 -1
2 6 2 3 0 2
haar_x2
-1.680762e-005 0 -1
6.782777e-001 -8.539432e-001 
1
2
19 1 1 8 0 -1
19 5 1 4 0 2
haar_y2
1.224397e-004 0 -1
-6.355384e-001 7.723430e-001 
1
2
21 10 2 2 0 -1
21 10 2 1 0 2
tilted_haar_y2
-1.966075e-005 0 -1
7.769149e-001 -8.163086e-001 
1
2
14 12 9 4 0 -1
17 12 3 4 0 3
haar_x3
-8.022403e-005 0 -1
8.735369e-001 -6.909631e-001 
1
2
7 4 5 14 0 -1
7 11 5 7 0 2
haar_y2
-2.913602e-003 0 -1
8.377749e-001 -5.608678e-001 
1
2
5 12 8 9 0 -1
5 15 8 3 0 3
haar_y3
1.314294e-002 0 -1
-3.612997e-001 9.115228e-001 
1
2
2 8 13 9 0 -1
2 11 13 3 0 3
haar_y3
6.594907e-003 0 -1
-7.276459e-001 7.769835e-001 
1
2
15 12 6 2 0 -1
18 12 3 2 0 2
haar_x2
4.428489e-005 0 -1
-9.042730e-001 6.852236e-001 
1
2
0 5 2 16 0 -1
1 5 1 16 0 2
haar_x2
-5.326387e-005 0 -1
5.796183e-001 -9.614711e-001 
1
2
0 14 12 9 0 -1
4 17 4 3 0 9
haar_point
1.273497e-003 0 -1
-8.324682e-001 7.055615e-001 
1
2
0 14 10 4 0 -1
0 16 10 2 0 2
haar_y2
-1.980849e-003 0 -1
8.938479e-001 -9.158677e-001 
1
2
4 1 16 23 0 -1
12 1 8 23 0 2
haar_x2
6.075487e-005 0 -1
-8.837479e-001 6.243807e-001 
1
2
15 14 1 8 0 -1
15 14 1 4 0 2
tilted_haar_y2
-7.757334e-004 0 -1
7.545907e-001 -9.109957e-001 
1
2
2 16 10 4 0 -1
2 18 10 2 0 2
haar_y2
-1.935229e-003 0 -1
9.027419e-001 -7.130862e-001 
1
2
3 6 1 16 0 -1
3 10 1 8 0 2
haar_y4
-5.287972e-004 0 -1
8.255516e-001 -5.653009e-001 
1
2
20 15 4 7 0 -1
21 15 2 7 0 2
haar_x4
5.955133e-005 0 -1
-5.210747e-001 7.479547e-001 
1
2
10 0 3 9 0 -1
7 3 3 3 0 3
tilted_haar_y3
-1.289958e-003 0 -1
6.634118e-001 -7.093351e-001 
1
2
6 3 10 4 0 -1
11 3 5 4 0 2
haar_x2
-9.228889e-004 0 -1
7.764328e-001 -5.303802e-001 
1
2
0 4 12 8 0 -1
6 4 6 8 0 2
haar_x2
1.629320e-003 0 -1
-3.969737e-001 7.568878e-001 
1
2
9 2 3 13 0 -1
10 2 1 13 0 3
haar_x3
-1.665148e-005 0 -1
6.325920e-001 -6.956140e-001 
1
2
1 11 4 9 0 -1
1 14 4 3 0 3
haar_y3
4.165199e-003 0 -1
-4.224580e-001 7.852958e-001 
1
2
3 10 4 6 0 -1
3 13 4 3 0 2
haar_y2
-1.351777e-003 0 -1
6.086878e-001 -7.498798e-001 
1
2
4 10 2 2 0 -1
4 10 2 1 0 2
tilted_haar_y2
-1.196006e-004 0 -1
6.542675e-001 -5.728304e-001 
1
2
20 12 4 4 0 -1
20 12 4 2 0 2
tilted_haar_y2
-1.616900e-004 0 -1
6.297161e-001 -3.903148e-001 
1
2
10 8 7 9 0 -1
10 11 7 3 0 3
haar_y3
2.813636e-002 0 -1
-3.327248e-001 7.841411e-001 
1
2
9 17 3 6 0 -1
10 17 1 6 0 3
haar_x3
-2.127256e-005 0 -1
5.464327e-001 -5.813085e-001 
1
2
10 18 4 4 0 -1
10 19 4 2 0 2
haar_y4
2.601322e-005 0 -1
-4.190920e-001 6.307845e-001 
1
2
6 19 15 2 0 -1
11 19 5 2 0 3
haar_x3
-1.207077e-004 0 -1
4.996695e-001 -6.622458e-001 
1
2
16 15 1 8 0 -1
14 17 1 4 0 2
tilted_haar_y4
8.276755e-004 0 -1
-4.008722e-001 6.407310e-001 
1
2
7 15 4 5 0 -1
8 16 2 5 0 2
tilted_haar_x4
-2.132049e-005 0 -1
5.740913e-001 -6.493328e-001 
1
2
7 14 16 6 0 -1
7 16 16 2 0 3
haar_y3
8.123883e-003 0 -1
-4.310073e-001 6.742048e-001 
1
2
3 13 9 2 0 -1
3 13 9 1 0 2
tilted_haar_y2
-8.550091e-004 0 -1
4.798447e-001 -7.142256e-001 
1
3
1 0 16 4 0 -1
1 0 8 2 0 2
9 2 8 2 0 2
haar_x2_y2
7.214854e-004 0 -1
-5.185524e-001 6.330382e-001 
1
3
1 2 16 14 0 -1
1 2 8 7 0 2
9 9 8 7 0 2
haar_x2_y2
2.282806e-005 0 -1
-7.105764e-001 4.834164e-001 
1
3
4 7 8 2 0 -1
4 7 4 1 0 2
8 8 4 1 0 2
haar_x2_y2
-1.556563e-005 0 -1
6.632165e-001 -7.640730e-001 
1
3
4 7 8 2 0 -1
4 7 4 1 0 2
8 8 4 1 0 2
haar_x2_y2
2.351939e-004 0 -1
-5.463520e-001 6.102512e-001 
1
3
12 12 8 12 0 -1
12 12 4 6 0 2
16 18 4 6 0 2
haar_x2_y2
-7.222368e-005 0 -1
5.079883e-001 -7.618014e-001 
1
2
3 12 20 6 0 -1
3 14 20 2 0 3
haar_y3
9.901575e-003 0 -1
-4.800993e-001 8.273205e-001 
1
2
17 15 2 4 0 -1
16 16 2 2 0 2
tilted_haar_y4
5.002968e-005 0 -1
-7.882841e-001 6.821293e-001 
1
2
10 19 7 4 0 -1
10 20 7 2 0 2
haar_y4
1.721523e-004 0 -1
-8.753225e-001 6.664946e-001 
1
2
7 19 10 4 0 -1
7 20 10 2 0 2
haar_y4
-2.420264e-005 0 -1
8.436533e-001 -9.332784e-001 
1
2
7 19 9 4 0 -1
7 20 9 2 0 2
haar_y4
1.869986e-005 0 -1
-8.370700e-001 7.975659e-001 
1
2
19 20 2 3 0 -1
20 20 1 3 0 2
haar_x2
1.527929e-005 0 -1
-9.157441e-001 8.187560e-001 
1
2
18 19 6 4 0 -1
20 19 2 4 0 3
haar_x3
-6.674916e-005 0 -1
8.292130e-001 -9.810912e-001 
1
2
18 19 6 3 0 -1
20 19 2 3 0 3
haar_x3
2.073922e-005 0 -1
-8.919359e-001 9.217291e-001 
1
2
21 20 1 2 0 -1
21 20 1 1 0 2
tilted_haar_y2
-1.805592e-005 0 -1
9.323066e-001 -9.686744e-001 
1
2
0 5 6 19 0 -1
3 5 3 19 0 2
haar_x2
-6.481112e-005 0 -1
7.852063e-001 -9.135516e-001 
1
2
0 2 16 19 0 -1
8 2 8 19 0 2
haar_x2
1.163339e-002 0 -1
-8.046402e-001 7.177466e-001 
1
2
4 6 16 16 0 -1
8 6 8 16 0 2
haar_x4
-5.270209e-004 0 -1
6.594214e-001 -9.040498e-001 
1
2
4 8 16 15 0 -1
8 8 8 15 0 2
haar_x4
3.284909e-003 0 -1
-7.050011e-001 7.934471e-001 
1
2
1 6 21 11 0 -1
8 6 7 11 0 3
haar_x3
-8.406311e-003 0 -1
6.896188e-001 -8.923919e-001 
1
2
1 8 20 10 0 -1
6 8 10 10 0 2
haar_x4
1.405693e-003 0 -1
-6.678063e-001 8.843367e-001 
1
2
8 10 16 8 0 -1
16 10 8 8 0 2
haar_x2
6.555416e-003 0 -1
-9.115151e-001 6.355605e-001 
1
2
22 6 2 14 0 -1
22 6 1 14 0 2
tilted_haar_x2
9.113231e-005 0 -1
-9.447829e-001 7.776950e-001 
1
3
20 2 2 22 0 -1
20 2 1 11 0 2
21 13 1 11 0 2
haar_x2_y2
-2.212859e-005 0 -1
9.250947e-001 -9.877078e-001 
1
3
20 2 2 22 0 -1
20 2 1 11 0 2
21 13 1 11 0 2
haar_x2_y2
9.121258e-005 0 -1
-9.166329e-001 8.982280e-001 
1
2
21 7 2 14 0 -1
21 7 1 14 0 2
tilted_haar_x2
-2.134653e-004 0 -1
9.124886e-001 -9.759558e-001 
1
2
20 8 2 13 0 -1
20 8 1 13 0 2
tilted_haar_x2
9.552120e-005 0 -1
-9.055399e-001 9.489226e-001 
1
2
17 12 2 8 0 -1
17 12 1 8 0 2
tilted_haar_x2
-3.765305e-004 0 -1
8.908082e-001 -9.787338e-001 
1
2
17 8 4 10 0 -1
18 9 2 10 0 2
tilted_haar_x4
2.501546e-005 0 -1
-9.110217e-001 8.348289e-001 
1
2
19 6 4 14 0 -1
20 7 2 14 0 2
tilted_haar_x4
-1.314931e-004 0 -1
8.676731e-001 -9.677641e-001 
1
2
19 6 4 14 0 -1
20 7 2 14 0 2
tilted_haar_x4
4.468632e-005 0 -1
-8.855441e-001 8.608170e-001 
1
2
8 17 9 6 0 -1
11 17 3 6 0 3
haar_x3
-1.913149e-005 0 -1
7.769164e-001 -9.626456e-001 
1
2
14 15 4 6 0 -1
15 15 2 6 0 2
haar_x4
-2.041604e-005 0 -1
7.891166e-001 -8.783947e-001 
1
2
18 10 1 6 0 -1
18 12 1 2 0 3
haar_y3
4.144541e-005 0 -1
-6.828851e-001 7.780318e-001 
1
2
9 2 15 12 0 -1
9 5 15 6 0 2
haar_y4
5.176578e-003 0 -1
-8.547818e-001 8.407449e-001 
1
2
9 0 8 15 0 -1
9 5 8 5 0 3
haar_y3
-2.586284e-003 0 -1
8.300257e-001 -9.683056e-001 
1
2
8 6 6 10 0 -1
8 11 6 5 0 2
haar_y2
-1.556563e-005 0 -1
7.566624e-001 -8.666632e-001 
1
2
7 12 15 4 0 -1
7 13 15 2 0 2
haar_y4
6.539550e-004 0 -1
-6.966847e-001 8.294907e-001 
1
2
8 14 8 9 0 -1
8 17 8 3 0 3
haar_y3
3.348891e-004 0 -1
-8.774342e-001 7.608313e-001 
1
2
8 14 9 9 0 -1
8 17 9 3 0 3
haar_y3
-1.520639e-003 0 -1
8.721263e-001 -9.455000e-001 
1
2
10 14 7 9 0 -1
10 17 7 3 0 3
haar_y3
5.501932e-005 0 -1
-8.358479e-001 8.380308e-001 
1
3
8 16 14 8 0 -1
8 16 7 4 0 2
15 20 7 4 0 2
haar_x2_y2
-1.740265e-003 0 -1
7.835706e-001 -9.346693e-001 
1
3
8 16 14 8 0 -1
8 16 7 4 0 2
15 20 7 4 0 2
haar_x2_y2
1.805592e-004 0 -1
-8.061690e-001 8.842609e-001 
1
2
3 10 20 3 0 -1
3 11 20 1 0 3
haar_y3
1.604396e-004 0 -1
-9.248371e-001 8.144788e-001 
1
2
14 0 8 1 0 -1
18 0 4 1 0 2
haar_x2
-4.848972e-005 0 -1
9.685022e-001 -9.857339e-001 
1
2
14 0 8 1 0 -1
18 0 4 1 0 2
haar_x2
2.048439e-005 0 -1
-9.144240e-001 8.915522e-001 
1
2
3 10 19 3 0 -1
3 11 19 1 0 3
haar_y3
-4.815171e-004 0 -1
1.000000e+000 -9.725277e-001 
1
2
2 10 19 3 0 -1
2 11 19 1 0 3
haar_y3
9.307808e-005 0 -1
-8.985611e-001 9.067428e-001 
1
2
1 10 21 3 0 -1
1 11 21 1 0 3
haar_y3
-7.746899e-005 0 -1
9.762143e-001 -9.694142e-001 
1
2
1 10 21 3 0 -1
1 11 21 1 0 3
haar_y3
8.669418e-005 0 -1
-8.998165e-001 9.207840e-001 
1
2
7 1 4 11 0 -1
8 1 2 11 0 2
haar_x4
-1.216168e-004 0 -1
8.974317e-001 -9.692459e-001 
1
2
7 2 4 10 0 -1
8 2 2 10 0 2
haar_x4
1.966075e-005 0 -1
-8.902545e-001 9.340194e-001 
1
2
0 10 21 3 0 -1
0 11 21 1 0 3
haar_y3
-2.027696e-005 0 -1
9.818493e-001 -9.593670e-001 
1
2
0 10 21 3 0 -1
0 11 21 1 0 3
haar_y3
4.334709e-005 0 -1
-9.011989e-001 9.228058e-001 
1
2
17 0 4 4 0 -1
19 0 2 4 0 2
haar_x2
-8.605167e-005 0 -1
9.168048e-001 -9.589379e-001 
1
2
17 0 4 4 0 -1
19 0 2 4 0 2
haar_x2
2.223478e-005 0 -1
-8.967692e-001 9.319451e-001 
1
2
1 5 2 15 0 -1
2 5 1 15 0 2
haar_x2
-3.037743e-005 0 -1
7.840797e-001 -9.664711e-001 
1
2
0 8 4 11 0 -1
2 8 2 11 0 2
haar_x2
2.067357e-004 0 -1
-8.722762e-001 9.645474e-001 
1
2
0 6 4 18 0 -1
2 6 2 18 0 2
haar_x2
-9.533011e-005 0 -1
8.269309e-001 -9.699773e-001 
1
2
0 1 3 20 0 -1
1 1 1 20 0 3
haar_x3
-8.254834e-005 0 -1
7.721503e-001 -9.040629e-001 
1
2
4 18 9 3 0 -1
7 18 3 3 0 3
haar_x3
-2.297823e-005 0 -1
8.063045e-001 -6.918288e-001 
1
2
2 1 2 5 0 -1
3 1 1 5 0 2
haar_x2
-2.627759e-005 0 -1
8.293727e-001 -5.188110e-001 
1
3
4 13 12 2 0 -1
4 13 6 1 0 2
10 14 6 1 0 2
haar_x2_y2
-1.051714e-004 0 -1
8.003347e-001 -4.152755e-001 
1
2
0 4 18 15 0 -1
6 4 6 15 0 3
haar_x3
7.724568e-003 0 -1
-2.852150e-001 9.622239e-001 
1
2
13 5 2 8 0 -1
14 5 1 8 0 2
haar_x2
1.999397e-005 0 -1
-7.244976e-001 5.674474e-001 
1
2
17 0 4 2 0 -1
19 0 2 2 0 2
haar_x2
-2.926856e-005 0 -1
7.430640e-001 -7.935469e-001 
1
2
6 0 18 3 0 -1
12 0 6 3 0 3
haar_x3
-2.621194e-004 0 -1
6.772796e-001 -6.747222e-001 
1
2
2 11 6 13 0 -1
5 11 3 13 0 2
haar_x2
-6.456536e-005 0 -1
5.894705e-001 -5.558404e-001 
-1.561683e+000

2
-1
