32
1
2
6 15 7 2 0 -1
6 15 7 1 0 2
tilted_haar_y2
-6.189093e-003 0 -1
3.386760e-001 -2.851315e-001 
1
2
8 4 10 8 0 -1
8 6 10 4 0 2
haar_y4
-4.030377e-002 0 -1
5.414137e-001 -1.506794e-001 
1
2
6 20 4 3 0 -1
7 20 2 3 0 2
haar_x4
8.313480e-004 0 -1
1.577690e-001 -4.979312e-001 
1
2
7 1 8 9 0 -1
7 4 8 3 0 3
haar_y3
-5.537258e-002 0 -1
5.047183e-001 -1.872820e-001 
1
2
1 21 2 1 0 -1
1 21 1 1 0 2
tilted_haar_x2
4.587534e-004 0 -1
1.948868e-001 -3.338767e-001 
1
2
6 14 12 9 0 -1
6 17 12 3 0 3
haar_y3
4.593939e-002 0 -1
-1.661452e-001 3.817958e-001 
1
2
6 15 14 8 0 -1
6 17 14 4 0 2
haar_y4
-1.034240e-001 0 -1
7.556576e-001 -8.772480e-002 
1
2
2 12 18 9 0 -1
2 15 18 3 0 3
haar_y3
-2.204937e-001 0 -1
7.527608e-001 -6.909859e-002 
1
2
0 10 6 4 0 -1
3 10 3 4 0 2
haar_x2
-4.274947e-003 0 -1
2.217141e-001 -2.645226e-001 
1
2
6 10 9 4 0 -1
6 10 9 2 0 2
tilted_haar_y2
5.118125e-002 0 -1
-1.064201e-001 5.446172e-001 
1
2
12 6 4 9 0 -1
9 9 4 3 0 3
tilted_haar_y3
-8.709171e-002 0 -1
5.941297e-001 -7.540926e-002 
1
2
16 23 3 1 0 -1
17 23 1 1 0 3
haar_x3
3.347552e-004 0 -1
1.197748e-001 -5.039937e-001 
1
2
13 4 5 6 0 -1
11 6 5 2 0 3
tilted_haar_y3
-6.665266e-003 0 -1
2.671140e-001 -1.958922e-001 
1
2
0 5 18 9 0 -1
9 5 9 9 0 2
haar_x2
1.190582e-001 0 -1
-1.467551e-001 3.501627e-001 
1
2
1 0 3 1 0 -1
2 1 1 1 0 3
tilted_haar_x3
-1.792491e-003 0 -1
-5.268487e-001 8.461239e-002 
1
2
23 22 1 2 0 -1
23 23 1 1 0 2
haar_y2
-6.165530e-004 0 -1
-5.003729e-001 8.598746e-002 
1
2
3 14 4 6 0 -1
3 17 4 3 0 2
haar_y2
-4.107686e-003 0 -1
2.965173e-001 -1.415302e-001 
1
2
0 1 20 18 0 -1
5 1 10 18 0 2
haar_x4
-9.191637e-002 0 -1
2.297178e-001 -2.238433e-001 
1
2
0 8 24 6 0 -1
8 10 8 2 0 9
haar_point
2.689300e-001 0 -1
-6.014678e-002 7.714109e-001 
1
2
8 2 6 6 0 -1
10 4 2 6 0 3
tilted_haar_x3
2.822768e-002 0 -1
-6.288760e-002 5.607395e-001 
1
2
14 21 9 1 0 -1
17 21 3 1 0 3
haar_x3
1.387994e-003 0 -1
1.365900e-001 -3.620245e-001 
1
2
8 9 8 13 0 -1
10 9 4 13 0 2
haar_x4
1.314853e-002 0 -1
-1.189605e-001 4.149523e-001 
1
2
2 2 4 2 0 -1
3 3 2 2 0 2
tilted_haar_x4
-1.562298e-003 0 -1
-3.133602e-001 1.343806e-001 
1
2
2 0 1 4 0 -1
2 2 1 2 0 2
haar_y2
-7.341726e-004 0 -1
2.847341e-001 -1.806994e-001 
1
2
22 5 2 1 0 -1
23 5 1 1 0 2
haar_x2
5.003086e-004 0 -1
9.512661e-002 -5.018410e-001 
1
2
6 13 14 9 0 -1
6 16 14 3 0 3
haar_y3
-1.498200e-001 0 -1
5.276223e-001 -8.857821e-002 
1
2
3 15 19 6 0 -1
3 17 19 2 0 3
haar_y3
2.386873e-002 0 -1
-1.406017e-001 3.427736e-001 
1
2
14 10 4 4 0 -1
14 10 2 4 0 2
tilted_haar_x2
-6.969471e-003 0 -1
2.031455e-001 -1.978676e-001 
1
3
14 18 10 6 0 -1
14 18 5 3 0 2
19 21 5 3 0 2
haar_x2_y2
-4.728958e-003 0 -1
2.390925e-001 -1.953158e-001 
1
2
22 6 2 9 0 -1
22 9 2 3 0 3
haar_y3
-1.762838e-002 0 -1
-6.050099e-001 7.695685e-002 
1
2
9 2 5 6 0 -1
9 4 5 2 0 3
haar_y3
1.137255e-002 0 -1
-1.254763e-001 3.543940e-001 
1
2
4 3 14 4 0 -1
4 4 14 2 0 2
haar_y4
-6.037897e-003 0 -1
3.623811e-001 -1.706671e-001 
-1.155573e+000

8
-1
