34
1
2
0 11 21 12 0 -1
0 14 21 6 0 2
haar_y4
-1.178688e-001 0 -1
4.164267e-001 -2.294157e-001 
1
2
2 6 22 12 0 -1
13 6 11 12 0 2
haar_x2
1.923251e-001 0 -1
-2.626203e-001 2.764094e-001 
1
2
5 23 12 1 0 -1
11 23 6 1 0 2
haar_x2
-2.420154e-003 0 -1
2.774646e-001 -2.187701e-001 
1
2
6 19 3 2 0 -1
7 20 1 2 0 3
tilted_haar_x3
3.060232e-003 0 -1
4.600390e-002 -6.943860e-001 
1
2
15 22 6 2 0 -1
17 22 2 2 0 3
haar_x3
-5.338072e-003 0 -1
-7.834026e-001 6.610100e-002 
1
2
10 23 9 1 0 -1
13 23 3 1 0 3
haar_x3
-5.168909e-003 0 -1
-7.708978e-001 4.928392e-002 
1
2
4 14 13 6 0 -1
4 16 13 2 0 3
haar_y3
2.038816e-002 0 -1
-1.543839e-001 2.913492e-001 
1
2
8 17 2 5 0 -1
8 17 1 5 0 2
tilted_haar_x2
2.498590e-003 0 -1
8.527696e-002 -4.843903e-001 
1
2
3 18 4 2 0 -1
3 18 4 1 0 2
tilted_haar_y2
2.599665e-003 0 -1
-1.045333e-001 4.368361e-001 
1
2
8 12 5 2 0 -1
8 12 5 1 0 2
tilted_haar_y2
1.004222e-002 0 -1
-7.684607e-002 4.420457e-001 
1
2
0 6 21 1 0 -1
7 6 7 1 0 3
haar_x3
-8.818075e-003 0 -1
2.026881e-001 -2.185483e-001 
1
2
4 16 3 4 0 -1
3 17 3 2 0 2
tilted_haar_y4
-5.171833e-003 0 -1
4.159022e-001 -1.003114e-001 
1
2
14 16 2 2 0 -1
14 16 2 1 0 2
tilted_haar_y2
-9.931996e-004 0 -1
2.950745e-001 -1.588546e-001 
1
2
1 4 4 12 0 -1
1 8 4 4 0 3
haar_y3
4.332311e-002 0 -1
7.798803e-002 -5.293710e-001 
1
2
15 21 6 1 0 -1
17 21 2 1 0 3
haar_x3
7.901497e-004 0 -1
1.050006e-001 -3.977605e-001 
1
2
10 12 4 8 0 -1
10 12 4 4 0 2
tilted_haar_y2
1.004954e-001 0 -1
-6.442037e-002 7.208577e-001 
1
2
4 10 9 12 0 -1
7 10 3 12 0 3
haar_x3
-2.221712e-002 0 -1
2.871780e-001 -1.626851e-001 
1
2
2 5 21 9 0 -1
9 8 7 3 0 9
haar_point
3.295026e-001 0 -1
-6.699872e-002 6.296979e-001 
1
2
5 16 6 2 0 -1
5 16 6 1 0 2
tilted_haar_y2
-6.090054e-003 0 -1
2.715497e-001 -1.669614e-001 
1
3
17 2 6 12 0 -1
17 2 3 6 0 2
20 8 3 6 0 2
haar_x2_y2
9.257026e-003 0 -1
-1.382068e-001 3.265745e-001 
1
2
12 16 2 6 0 -1
10 18 2 2 0 3
tilted_haar_y3
9.689339e-003 0 -1
-1.104744e-001 3.852246e-001 
1
2
0 6 2 3 0 -1
0 7 2 1 0 3
haar_y3
-2.210104e-003 0 -1
-6.375846e-001 6.691218e-002 
1
2
8 3 14 4 0 -1
8 4 14 2 0 2
haar_y4
6.627424e-003 0 -1
-1.356039e-001 3.068803e-001 
1
2
13 22 4 1 0 -1
14 22 2 1 0 2
haar_x4
5.736087e-004 0 -1
7.574869e-002 -5.605430e-001 
1
2
1 8 15 8 0 -1
1 10 15 4 0 2
haar_y4
-1.235011e-001 0 -1
8.839352e-001 -4.959115e-002 
1
2
0 0 3 6 0 -1
0 2 3 2 0 3
haar_y3
1.255246e-002 0 -1
8.029750e-002 -6.370924e-001 
1
2
17 0 3 1 0 -1
18 0 1 1 0 3
haar_x3
6.526218e-004 0 -1
6.465557e-002 -5.838827e-001 
1
2
18 10 6 7 0 -1
21 10 3 7 0 2
haar_x2
-6.200292e-003 0 -1
2.980045e-001 -1.428124e-001 
1
2
5 20 4 4 0 -1
6 20 2 4 0 2
haar_x4
8.643161e-004 0 -1
1.073415e-001 -3.909486e-001 
1
2
12 13 2 3 0 -1
12 14 2 1 0 3
haar_y3
-1.532312e-003 0 -1
3.931427e-001 -1.112046e-001 
1
2
7 21 9 2 0 -1
10 21 3 2 0 3
haar_x3
2.050210e-003 0 -1
1.278112e-001 -3.022425e-001 
1
2
13 5 9 17 0 -1
16 5 3 17 0 3
haar_x3
-1.146869e-002 0 -1
3.217700e-001 -1.348042e-001 
1
2
7 0 10 7 0 -1
12 0 5 7 0 2
haar_x2
-2.588593e-002 0 -1
-4.623443e-001 8.757848e-002 
1
2
0 4 3 4 0 -1
0 6 3 2 0 2
haar_y2
1.123719e-002 0 -1
4.117341e-002 -7.744564e-001 
-1.085278e+000

11
-1
