39
1
2
10 9 5 9 0 -1
7 12 5 3 0 3
tilted_haar_y3
-1.211990e-001 0 -1
5.587695e-001 -1.398684e-001 
1
2
10 0 12 2 0 -1
13 3 6 2 0 2
tilted_haar_x4
-3.319215e-002 0 -1
4.247299e-001 -1.457082e-001 
1
2
9 12 4 8 0 -1
7 14 4 4 0 2
tilted_haar_y4
-6.682388e-002 0 -1
5.588470e-001 -1.209327e-001 
1
2
15 7 3 12 0 -1
11 11 3 4 0 3
tilted_haar_y3
-1.226196e-001 0 -1
5.762703e-001 -1.098364e-001 
1
2
5 16 3 5 0 -1
6 17 1 5 0 3
tilted_haar_x3
4.783174e-003 0 -1
9.797533e-002 -5.765886e-001 
1
2
18 22 6 1 0 -1
21 22 3 1 0 2
haar_x2
1.071671e-003 0 -1
-1.844571e-001 2.328574e-001 
1
2
12 21 12 2 0 -1
16 21 4 2 0 3
haar_x3
-1.524845e-002 0 -1
-6.266477e-001 6.991140e-002 
1
2
15 19 1 4 0 -1
15 19 1 2 0 2
tilted_haar_y2
-1.946352e-003 0 -1
2.159746e-001 -1.837164e-001 
1
2
10 17 9 4 0 -1
10 18 9 2 0 2
haar_y4
1.451474e-003 0 -1
-1.856679e-001 2.604211e-001 
1
2
8 8 10 8 0 -1
8 10 10 4 0 2
haar_y4
-5.215009e-002 0 -1
5.688790e-001 -7.717837e-002 
1
2
0 5 3 14 0 -1
0 12 3 7 0 2
haar_y2
-1.326567e-002 0 -1
2.383991e-001 -1.699581e-001 
1
2
7 16 3 4 0 -1
8 17 1 4 0 3
tilted_haar_x3
5.828855e-003 0 -1
6.070233e-002 -6.595914e-001 
1
2
18 10 2 8 0 -1
18 10 2 4 0 2
tilted_haar_y2
6.381062e-002 0 -1
-6.980712e-002 6.236172e-001 
1
2
16 13 8 3 0 -1
20 13 4 3 0 2
haar_x2
8.274904e-003 0 -1
-1.369214e-001 3.058164e-001 
1
2
3 19 5 4 0 -1
3 21 5 2 0 2
haar_y2
-4.132725e-003 0 -1
4.257271e-001 -8.508071e-002 
1
2
8 21 4 1 0 -1
9 21 2 1 0 2
haar_x4
3.489920e-004 0 -1
9.987567e-002 -4.133011e-001 
1
2
23 6 1 6 0 -1
23 9 1 3 0 2
haar_y2
7.188018e-003 0 -1
6.876316e-002 -5.156211e-001 
1
2
16 1 2 4 0 -1
16 3 2 2 0 2
haar_y2
7.004066e-004 0 -1
-1.662480e-001 2.214919e-001 
1
2
7 1 4 3 0 -1
8 1 2 3 0 2
haar_x4
-1.152694e-003 0 -1
-3.800810e-001 1.043785e-001 
1
2
0 1 1 9 0 -1
0 4 1 3 0 3
haar_y3
8.191807e-003 0 -1
6.475561e-002 -5.326174e-001 
1
2
6 0 18 2 0 -1
6 1 18 1 0 2
haar_y2
1.502607e-002 0 -1
5.419278e-002 -6.037732e-001 
1
2
0 6 1 12 0 -1
0 12 1 6 0 2
haar_y2
-1.913833e-002 0 -1
-7.512084e-001 4.195262e-002 
1
2
11 16 4 8 0 -1
11 18 4 4 0 2
haar_y4
-3.037972e-002 0 -1
4.798551e-001 -8.536622e-002 
1
2
8 16 8 8 0 -1
8 18 8 4 0 2
haar_y4
2.011160e-003 0 -1
-1.695711e-001 2.306809e-001 
1
2
10 8 14 2 0 -1
10 8 14 1 0 2
tilted_haar_y2
2.657038e-003 0 -1
-2.605699e-001 1.624465e-001 
1
2
14 4 9 3 0 -1
17 7 3 3 0 3
tilted_haar_x3
-3.300062e-002 0 -1
3.647273e-001 -1.113288e-001 
1
2
11 9 6 1 0 -1
14 9 3 1 0 2
haar_x2
1.718904e-005 0 -1
-3.041313e-001 1.581054e-001 
1
2
7 0 8 7 0 -1
9 2 4 7 0 2
tilted_haar_x4
-3.546577e-002 0 -1
3.160884e-001 -1.543226e-001 
1
2
16 22 8 2 0 -1
20 22 4 2 0 2
haar_x2
-2.380433e-003 0 -1
3.123766e-001 -1.316986e-001 
1
2
4 10 4 12 0 -1
4 16 4 6 0 2
haar_y2
-2.702827e-002 0 -1
4.144858e-001 -1.197841e-001 
1
2
21 22 3 1 0 -1
22 22 1 1 0 3
haar_x3
-2.129796e-004 0 -1
-4.122719e-001 1.295661e-001 
1
2
6 22 18 1 0 -1
15 22 9 1 0 2
haar_x2
-2.250643e-002 0 -1
-7.225713e-001 4.326795e-002 
1
2
3 20 3 1 0 -1
4 21 1 1 0 3
tilted_haar_x3
-2.003677e-003 0 -1
-6.211294e-001 5.083471e-002 
1
2
8 23 15 1 0 -1
13 23 5 1 0 3
haar_x3
-3.335739e-003 0 -1
2.573857e-001 -1.457756e-001 
1
2
14 22 8 2 0 -1
18 22 4 2 0 2
haar_x2
-1.944405e-003 0 -1
3.227437e-001 -1.713588e-001 
1
2
3 20 3 1 0 -1
4 21 1 1 0 3
tilted_haar_x3
1.349436e-003 0 -1
7.363567e-002 -5.248474e-001 
1
2
2 21 20 2 0 -1
7 21 10 2 0 2
haar_x4
-5.408221e-003 0 -1
2.109878e-001 -1.756929e-001 
1
3
0 19 22 2 0 -1
0 19 11 1 0 2
11 20 11 1 0 2
haar_x2_y2
1.374131e-004 0 -1
-1.816741e-001 2.957901e-001 
1
3
10 0 12 2 0 -1
10 0 6 1 0 2
16 1 6 1 0 2
haar_x2_y2
1.269372e-003 0 -1
-1.273165e-001 2.667204e-001 
-1.087627e+000

12
-1
