14
1
2
0 0 16 22 0 -1
4 0 8 22 0 2
haar_x4
-5.192263e-002 0 -1
5.412377e-001 -4.596654e-001 
1
2
8 10 5 8 0 -1
6 12 5 4 0 2
tilted_haar_y4
-4.381802e-002 0 -1
6.566501e-001 -2.916514e-001 
1
2
5 9 9 12 0 -1
5 12 9 6 0 2
haar_y4
-6.953412e-002 0 -1
7.272111e-001 -1.629503e-001 
1
2
2 11 22 9 0 -1
2 14 22 3 0 3
haar_y3
7.430191e-002 0 -1
-2.239773e-001 6.872140e-001 
1
2
4 4 11 4 0 -1
4 6 11 2 0 2
haar_y2
-2.383189e-002 0 -1
7.067502e-001 -1.786218e-001 
1
2
4 14 17 8 0 -1
4 16 17 4 0 2
haar_y4
2.759294e-002 0 -1
-2.014897e-001 5.705759e-001 
1
2
8 12 9 12 0 -1
8 15 9 6 0 2
haar_y4
-6.809799e-002 0 -1
6.188924e-001 -2.028966e-001 
1
2
0 6 2 8 0 -1
1 6 1 8 0 2
haar_x2
-4.245850e-004 0 -1
3.372821e-001 -3.532619e-001 
1
2
4 9 15 9 0 -1
9 12 5 3 0 9
haar_point
-1.773932e-001 0 -1
8.052372e-001 -1.220981e-001 
1
2
2 21 4 2 0 -1
3 21 2 2 0 2
haar_x4
4.849116e-004 0 -1
2.373870e-001 -4.568697e-001 
1
2
6 10 15 6 0 -1
6 12 15 2 0 3
haar_y3
3.111571e-002 0 -1
-1.896368e-001 5.306097e-001 
1
2
0 6 18 14 0 -1
9 6 9 14 0 2
haar_x2
1.844487e-001 0 -1
-1.644039e-001 6.070383e-001 
1
2
11 9 12 9 0 -1
17 9 6 9 0 2
haar_x2
4.511177e-002 0 -1
-2.540790e-001 4.267006e-001 
1
2
2 19 3 3 0 -1
3 19 1 3 0 3
haar_x3
-1.222938e-003 0 -1
-7.522053e-001 1.412145e-001 
-1.539682e+000

0
-1
