9
1
3
2 12 20 12 0 -1
2 12 10 6 0 2
12 18 10 6 0 2
haar_x2_y2
-4.432073e-002 0 -1
5.775692e-001 -5.462627e-001 
1
2
0 4 4 19 0 -1
2 4 2 19 0 2
haar_x2
-2.271042e-003 0 -1
3.999874e-001 -5.790213e-001 
1
2
2 12 19 12 0 -1
2 15 19 6 0 2
haar_y4
-9.176627e-002 0 -1
7.492525e-001 -2.692786e-001 
1
3
4 0 20 14 0 -1
4 0 10 7 0 2
14 7 10 7 0 2
haar_x2_y2
4.656631e-002 0 -1
-3.867203e-001 4.911737e-001 
1
2
8 8 10 12 0 -1
8 12 10 4 0 3
haar_y3
-1.107071e-001 0 -1
8.658146e-001 -2.328239e-001 
1
2
8 11 7 9 0 -1
8 14 7 3 0 3
haar_y3
4.434166e-002 0 -1
-1.467251e-001 8.584082e-001 
1
2
15 23 3 1 0 -1
16 23 1 1 0 3
haar_x3
-4.340574e-004 0 -1
-7.022241e-001 2.473991e-001 
1
2
6 0 13 12 0 -1
6 4 13 4 0 3
haar_y3
-1.201750e-001 0 -1
8.481089e-001 -1.913534e-001 
1
2
2 19 3 2 0 -1
3 20 1 2 0 3
tilted_haar_x3
2.272146e-003 0 -1
2.113717e-001 -7.258484e-001 
-1.015520e+000

-1
-1
